0.02	20.0
0.04	20.0
0.06	20.0
0.08	20.0
0.1	20.0
0.12	20.087
0.14	20.001
0.16	20.011
0.18	20.049
0.2	20.99
0.22	27.792
0.24	33.125
0.26	43.125
0.28	53.125
0.3	63.125
0.32	72.986
0.34	72.986
0.36	72.986
0.38	72.986
0.4	72.986
0.42	72.986
0.44	72.986
0.46	72.986
0.48	72.986
0.5	66.362
0.52	24.122
0.54	41.122
0.56	58.122
0.58	75.122
0.6	92.122
0.62	109.122
0.64	111.975
0.66	111.975
0.68	111.975
0.7000000000000001	111.975
0.72	111.975
0.74	111.975
0.76	111.975
0.78	111.975
0.8	111.975
0.8200000000000001	111.975
0.84	111.975
0.86	111.975
0.88	111.975
0.9	111.975
0.92	111.975
0.9400000000000001	100.478
0.96	90.418
0.98	90.418
1.0	27.122
1.02	41.122
1.04	55.125
1.06	70.122
1.08	88.122
1.1	106.995
1.12	106.995
1.1400000000000001	106.995
1.16	106.995
1.18	106.995
1.2	106.995
1.22	106.995
1.24	106.995
1.26	106.995
1.28	106.995
1.3	106.995
1.32	96.121
1.34	86.606
1.36	86.606
1.3800000000000001	20.011
1.4000000000000001	26.122
1.42	36.126
1.44	40.175
1.46	26.201
1.48	29.516
1.5	32.175
1.52	30.71
1.54	32.323
1.56	30.125
1.58	30.331
1.6	29.039
1.62	27.909
1.6400000000000001	28.122
1.6600000000000001	44.201
1.68	50.534
1.7	27.127
1.72	38.122
1.74	55.997
1.76	73.122
1.78	90.122
1.8	106.991
1.82	106.991
1.84	106.991
1.86	106.991
1.8800000000000001	96.117
1.9000000000000001	86.603
1.92	86.603
1.94	20.065
1.96	20.014
1.98	20.125
2.0	20.014
2.02	36.122
2.04	53.122
2.06	70.122
2.08	87.122
2.1	103.515
2.12	104.505
2.14	104.505
2.16	93.942
2.18	84.699
2.2	84.699
2.22	20.579
2.24	20.005
2.2600000000000002	20.001
2.2800000000000002	20.15
2.3000000000000003	35.122
2.32	50.122
2.34	65.134
2.36	34.123
2.38	37.127
2.4	30.122
2.42	37.084
2.44	24.708
2.46	20.127
2.48	25.131
2.5	20.125
2.52	22.515
2.54	20.125
2.56	23.14
2.58	20.126
2.6	22.149
2.62	20.126
2.64	22.138
2.66	20.128
2.68	22.386
2.7	20.157
2.72	22.138
2.74	20.999
2.7600000000000002	21.999
2.7800000000000002	21.146
2.8000000000000003	21.353
2.82	21.277
2.84	21.257
2.86	21.467
2.88	21.299
2.9	21.466
2.92	21.423
2.94	21.353
2.96	21.572
2.98	21.466
3.0	21.89
3.02	21.516
3.04	22.126
3.06	21.572
3.08	22.129
3.1	21.793
3.12	22.13
3.14	22.0
3.16	22.129
3.18	22.126
3.2	22.13
3.22	22.128
3.24	22.131
3.2600000000000002	22.13
3.2800000000000002	22.132
3.3000000000000003	22.13
3.3200000000000003	22.138
3.34	22.13
3.36	22.14
3.38	22.134
3.4	22.143
3.42	22.136
3.44	22.149
3.46	22.138
3.48	22.149
3.5	22.143
3.52	22.149
3.54	22.153
3.56	22.158
3.58	22.163
3.6	22.169
3.62	22.168
3.64	22.182
3.66	22.168
3.68	22.191
3.7	22.175
3.72	22.201
3.74	22.182
3.7600000000000002	22.201
3.7800000000000002	22.191
3.8000000000000003	22.191
3.8200000000000003	22.212
3.84	22.183
3.86	22.226
3.88	22.183
3.9	22.257
3.92	22.191
3.94	22.324
3.96	22.183
3.98	22.353
4.0	22.175
4.0200000000000005	22.423
4.04	22.153
4.0600000000000005	22.572
4.08	22.146
4.1	22.636
4.12	22.138
4.14	22.71
4.16	22.136
4.18	22.999
4.2	22.13
4.22	22.89
4.24	22.13
4.26	23.126
4.28	22.127
4.3	23.13
4.32	21.794
4.34	23.146
4.36	21.466
4.38	23.201
4.4	21.24
4.42	23.466
4.44	21.168
4.46	24.125
4.48	21.149
4.5	24.134
4.5200000000000005	21.138
4.54	24.162
4.5600000000000005	21.128
4.58	24.277
4.6000000000000005	20.637
4.62	24.71
4.64	20.226
4.66	25.133
4.68	20.131
4.7	25.997
4.72	20.125
4.74	26.122
4.76	20.126
4.78	25.24
4.8	20.126
4.82	25.157
4.84	20.125
4.86	25.212
4.88	20.125
4.9	25.298
4.92	20.126
4.94	25.212
4.96	20.125
4.98	25.182
5.0	20.125
5.0200000000000005	25.191
5.04	20.125
5.0600000000000005	25.191
5.08	20.125
5.1000000000000005	25.212
5.12	20.125
5.14	25.191
5.16	20.125
5.18	25.182
5.2	20.126
5.22	25.183
5.24	20.126
5.26	25.191
5.28	20.125
5.3	25.182
5.32	20.125
5.34	25.168
5.36	20.126
5.38	25.168
5.4	20.126
5.42	25.175
5.44	20.125
5.46	25.175
5.48	20.125
5.5	25.175
5.5200000000000005	20.126
5.54	25.168
5.5600000000000005	20.125
5.58	25.175
5.6000000000000005	20.125
5.62	25.168
5.64	20.125
5.66	25.175
5.68	20.125
5.7	25.175
5.72	20.125
5.74	25.168
5.76	20.125
5.78	25.175
5.8	20.125
5.82	25.182
5.84	20.125
5.86	25.175
5.88	20.125
5.9	25.182
5.92	20.125
5.94	25.191
5.96	20.125
5.98	25.182
6.0	20.125
6.0200000000000005	25.191
6.04	20.125
6.0600000000000005	25.182
6.08	20.125
6.1000000000000005	25.201
6.12	20.125
6.140000000000001	25.183
6.16	20.126
6.18	25.191
6.2	20.126
6.22	25.191
6.24	20.126
6.26	25.191
6.28	20.125
6.3	25.183
6.32	20.126
6.34	25.191
6.36	20.125
6.38	25.201
6.4	20.126
6.42	25.183
6.44	20.126
6.46	25.191
6.48	20.126
6.5	25.191
6.5200000000000005	20.125
6.54	25.201
6.5600000000000005	20.126
6.58	25.212
6.6000000000000005	20.126
6.62	25.201
6.640000000000001	20.125
6.66	25.212
6.68	20.125
6.7	25.225
6.72	20.125
6.74	25.24
6.76	20.125
6.78	25.212
6.8	20.125
6.82	25.24
6.84	20.125
6.86	25.24
6.88	20.125
6.9	25.225
6.92	20.125
6.94	25.257
6.96	20.125
6.98	25.24
7.0	20.125
7.0200000000000005	25.257
7.04	20.126
7.0600000000000005	25.276
7.08	20.125
7.1000000000000005	25.298
7.12	20.125
7.140000000000001	25.323
7.16	20.125
7.18	25.298
7.2	20.126
7.22	25.323
7.24	20.126
7.26	25.323
7.28	20.126
7.3	25.352
7.32	20.125
7.34	25.352
7.36	20.125
7.38	25.323
7.4	20.126
7.42	25.385
7.44	20.125
7.46	25.385
7.48	20.126
7.5	25.385
7.5200000000000005	20.126
7.54	25.385
7.5600000000000005	20.125
7.58	25.385
7.6000000000000005	20.126
7.62	25.465
7.640000000000001	20.126
7.66	25.422
7.68	20.126
7.7	25.465
7.72	20.125
7.74	25.423
7.76	20.126
7.78	25.465
7.8	20.125
7.82	25.514
7.84	20.125
7.86	25.515
7.88	20.126
7.9	25.465
7.92	20.126
7.94	25.515
7.96	20.126
7.98	25.635
8.0	20.126
8.02	25.515
8.040000000000001	20.126
8.06	25.515
8.08	20.125
8.1	25.635
8.120000000000001	20.125
8.14	25.708
8.16	20.125
8.18	25.708
8.2	20.125
8.22	25.635
8.24	20.125
8.26	25.635
8.28	20.126
8.3	25.708
8.32	20.126
8.34	25.635
8.36	20.126
8.38	25.635
8.4	20.126
8.42	25.635
8.44	20.126
8.46	25.635
8.48	20.126
8.5	25.635
8.52	20.125
8.540000000000001	25.708
8.56	20.125
8.58	25.708
8.6	20.126
8.620000000000001	25.635
8.64	20.126
8.66	25.635
8.68	20.125
8.700000000000001	25.635
8.72	20.126
8.74	25.57
8.76	20.125
8.78	25.571
8.8	20.126
8.82	25.635
8.84	20.126
8.86	25.571
8.88	20.126
8.9	25.708
8.92	20.126
8.94	25.635
8.96	20.125
8.98	25.708
9.0	20.126
9.02	25.635
9.040000000000001	20.126
9.06	25.708
9.08	20.126
9.1	25.571
9.120000000000001	20.126
9.14	25.571
9.16	20.128
9.18	25.635
9.200000000000001	20.127
9.22	25.635
9.24	20.127
9.26	25.708
9.28	20.127
9.3	25.635
9.32	20.126
9.34	25.635
9.36	20.127
9.38	25.635
9.4	20.127
9.42	25.708
9.44	20.127
9.46	25.635
9.48	20.127
9.5	25.635
9.52	20.128
9.540000000000001	25.635
9.56	20.129
9.58	25.708
9.6	20.128
9.620000000000001	25.708
9.64	20.128
9.66	25.708
9.68	20.128
9.700000000000001	25.708
9.72	20.128
9.74	25.708
9.76	20.129
9.78	25.887
9.8	20.129
9.82	25.708
9.84	20.128
9.86	25.708
9.88	20.129
9.9	25.708
9.92	20.13
9.94	25.792
9.96	20.129
9.98	25.792
10.0	20.13
10.02	25.887
10.040000000000001	20.13
10.06	25.887
10.08	20.13
10.1	25.887
10.120000000000001	20.13
10.14	25.887
10.16	20.13
10.18	25.792
10.200000000000001	20.129
10.22	25.792
10.24	20.13
10.26	25.708
10.28	20.131
10.3	25.888
10.32	20.13
10.34	25.792
10.36	20.13
10.38	25.792
10.4	20.13
10.42	25.887
10.44	20.13
10.46	25.887
10.48	20.13
10.5	25.887
10.52	20.13
10.540000000000001	25.792
10.56	20.131
10.58	25.888
10.6	20.131
10.620000000000001	25.792
10.64	20.131
10.66	25.888
10.68	20.131
10.700000000000001	25.887
10.72	20.13
10.74	25.792
10.76	20.13
10.78	25.887
10.8	20.13
10.82	25.792
10.84	20.13
10.86	25.887
10.88	20.131
10.9	25.888
10.92	20.129
10.94	25.792
10.96	20.13
10.98	25.792
11.0	20.131
11.02	25.888
11.040000000000001	20.131
11.06	25.887
11.08	20.13
11.1	25.792
11.120000000000001	20.13
11.14	25.887
11.16	20.13
11.18	25.887
11.200000000000001	20.13
11.22	25.887
11.24	20.13
11.26	25.888
11.28	20.131
11.3	25.997
11.32	20.131
11.34	25.792
11.36	20.131
11.38	25.792
11.4	20.131
11.42	25.887
11.44	20.131
11.46	25.887
11.48	20.131
11.5	25.997
11.52	20.131
11.540000000000001	25.997
11.56	20.131
11.58	25.997
11.6	20.131
11.620000000000001	25.888
11.64	20.131
11.66	25.792
11.68	20.131
11.700000000000001	25.792
11.72	20.133
11.74	25.888
11.76	20.131
11.78	25.997
11.8	20.131
11.82	25.887
11.84	20.131
11.86	25.887
11.88	20.131
11.9	25.887
11.92	20.131
11.94	25.887
11.96	20.132
11.98	25.792
12.0	20.131
12.02	25.888
12.040000000000001	20.131
12.06	25.792
12.08	20.131
12.1	25.888
12.120000000000001	20.131
12.14	25.887
12.16	20.131
12.18	25.887
12.200000000000001	20.131
12.22	25.997
12.24	20.131
12.26	25.887
12.280000000000001	20.131
12.3	25.887
12.32	20.134
12.34	25.888
12.36	20.133
12.38	25.888
12.4	20.133
12.42	25.888
12.44	20.133
12.46	25.888
12.48	20.131
12.5	25.887
12.52	20.131
12.540000000000001	25.887
12.56	20.131
12.58	25.887
12.6	20.132
12.620000000000001	25.997
12.64	20.132
12.66	25.997
12.68	20.134
12.700000000000001	25.888
12.72	20.133
12.74	25.888
12.76	20.133
12.780000000000001	25.792
12.8	20.133
12.82	25.888
12.84	20.132
12.86	25.997
12.88	20.132
12.9	25.997
12.92	20.132
12.94	25.997
12.96	20.132
12.98	25.997
13.0	20.132
13.02	25.997
13.040000000000001	20.134
13.06	25.888
13.08	20.134
13.1	25.997
13.120000000000001	20.134
13.14	25.888
13.16	20.134
13.18	25.997
13.200000000000001	20.134
13.22	25.997
13.24	20.132
13.26	25.997
13.280000000000001	20.132
13.3	25.997
13.32	20.132
13.34	25.997
13.36	20.134
13.38	26.122
13.4	20.136
13.42	25.997
13.44	20.134
13.46	25.997
13.48	20.134
13.5	25.888
13.52	20.134
13.540000000000001	25.997
13.56	20.134
13.58	25.997
13.6	20.134
13.620000000000001	25.997
13.64	20.134
13.66	26.122
13.68	20.134
13.700000000000001	25.997
13.72	20.136
13.74	26.122
13.76	20.136
13.780000000000001	25.997
13.8	20.134
13.82	25.997
13.84	20.134
13.86	25.997
13.88	20.134
13.9	25.997
13.92	20.134
13.94	25.997
13.96	20.134
13.98	25.997
14.0	20.134
14.02	26.122
14.040000000000001	20.136
14.06	26.122
14.08	20.138
14.1	26.122
14.120000000000001	20.138
14.14	26.122
14.16	20.134
14.18	25.997
14.200000000000001	20.136
14.22	25.997
14.24	20.136
14.26	26.122
14.280000000000001	20.136
14.3	26.122
14.32	20.138
14.34	26.122
14.36	20.138
14.38	26.122
14.4	20.14
14.42	26.122
14.44	20.14
14.46	26.122
14.48	20.14
14.5	26.122
14.52	20.138
14.540000000000001	26.122
14.56	20.138
14.58	26.122
14.6	20.138
14.620000000000001	26.122
14.64	20.14
14.66	26.122
14.68	20.14
14.700000000000001	26.122
14.72	20.143
14.74	26.122
14.76	20.143
14.780000000000001	26.122
14.8	20.143
14.82	26.122
14.84	20.143
14.86	26.122
14.88	20.14
14.9	26.122
14.92	20.14
14.94	26.122
14.96	20.143
14.98	26.122
15.0	20.143
15.02	26.122
15.040000000000001	20.146
15.06	26.122
15.08	20.146
15.1	26.122
15.120000000000001	20.146
15.14	26.122
15.16	20.149
15.18	26.122
15.200000000000001	20.149
15.22	26.122
15.24	20.146
15.26	26.122
15.280000000000001	20.146
15.3	26.122
15.32	20.149
15.34	26.122
15.36	20.149
15.38	26.122
15.4	20.153
15.42	26.122
15.44	20.153
15.46	26.122
15.48	20.153
15.5	26.122
15.52	20.157
15.540000000000001	26.122
15.56	20.153
15.58	26.122
15.6	20.149
15.620000000000001	26.122
15.64	20.153
15.66	26.122
15.68	20.163
15.700000000000001	26.122
15.72	20.162
15.74	26.122
15.76	20.157
15.780000000000001	26.122
15.8	20.157
15.82	26.122
15.84	20.162
15.860000000000001	26.122
15.88	20.162
15.9	26.122
15.92	20.162
15.94	26.122
15.96	20.153
15.98	26.122
16.0	20.158
16.02	26.122
16.04	20.163
16.06	26.122
16.080000000000002	20.162
16.1	26.122
16.12	20.168
16.14	26.122
16.16	20.175
16.18	26.122
16.2	20.175
16.22	26.122
16.240000000000002	20.168
16.26	26.122
16.28	20.168
16.3	26.122
16.32	20.163
16.34	26.122
16.36	20.169
16.38	26.122
16.4	20.175
16.42	26.122
16.44	20.175
16.46	26.122
16.48	20.175
16.5	26.122
16.52	20.175
16.54	26.122
16.56	20.168
16.580000000000002	26.122
16.6	20.168
16.62	26.122
16.64	20.175
16.66	26.122
16.68	20.183
16.7	26.122
16.72	20.183
16.740000000000002	26.122
16.76	20.183
16.78	26.122
16.8	20.182
16.82	26.122
16.84	20.175
16.86	26.122
16.88	20.182
16.9	26.122
16.92	20.182
16.94	26.122
16.96	20.182
16.98	26.122
17.0	20.212
17.02	26.122
17.04	20.191
17.06	26.122
17.080000000000002	20.183
17.1	26.122
17.12	20.191
17.14	26.122
17.16	20.182
17.18	26.122
17.2	20.191
17.22	26.122
17.240000000000002	20.191
17.26	26.122
17.28	20.191
17.3	26.122
17.32	20.212
17.34	26.122
17.36	20.201
17.38	26.122
17.400000000000002	20.183
17.42	26.122
17.44	20.175
17.46	26.122
17.48	20.169
17.5	26.122
17.52	20.175
17.54	26.122
17.56	20.182
17.580000000000002	26.122
17.6	20.191
17.62	26.122
17.64	20.212
17.66	26.122
17.68	20.225
17.7	26.122
17.72	20.191
17.740000000000002	26.122
17.76	20.169
17.78	26.122
17.8	20.169
17.82	26.122
17.84	20.169
17.86	26.122
17.88	20.175
17.900000000000002	26.122
17.92	20.191
17.94	26.122
17.96	20.212
17.98	26.122
18.0	20.212
18.02	26.122
18.04	20.201
18.06	26.122
18.080000000000002	20.191
18.1	26.122
18.12	20.175
18.14	26.122
18.16	20.175
18.18	26.122
18.2	20.183
18.22	26.122
18.240000000000002	20.191
18.26	26.122
18.28	20.201
18.3	26.122
18.32	20.212
18.34	26.122
18.36	20.201
18.38	26.122
18.400000000000002	20.201
18.42	26.122
18.44	20.191
18.46	26.122
18.48	20.175
18.5	26.122
18.52	20.191
18.54	26.122
18.56	20.201
18.580000000000002	26.122
18.6	20.212
18.62	26.122
18.64	20.201
18.66	26.122
18.68	20.212
18.7	26.122
18.72	20.201
18.740000000000002	26.122
18.76	20.201
18.78	26.122
18.8	20.201
18.82	26.122
18.84	20.201
18.86	26.123
18.88	20.201
18.900000000000002	26.122
18.92	20.213
18.94	26.123
18.96	20.212
18.98	26.122
19.0	20.225
19.02	26.123
19.04	20.201
19.06	26.122
19.080000000000002	20.212
19.1	26.123
19.12	20.225
19.14	26.122
19.16	20.225
19.18	26.123
19.2	20.213
19.22	26.122
19.240000000000002	20.226
19.26	26.124
19.28	20.226
19.3	26.122
19.32	20.24
19.34	26.124
19.36	20.225
19.38	26.122
19.400000000000002	20.257
19.42	26.125
19.44	20.225
19.46	26.122
19.48	20.24
19.5	26.126
19.52	20.225
19.54	26.122
19.56	20.277
19.580000000000002	26.129
19.6	20.226
19.62	26.122
19.64	20.299
19.66	26.134
19.68	20.257
19.7	26.122
19.72	20.298
19.740000000000002	26.142
19.76	20.24
19.78	26.122
19.8	20.257
19.82	26.145
19.84	20.225
19.86	26.122
19.88	20.299
19.900000000000002	26.158
19.92	20.277
19.94	26.122
19.96	20.353
19.98	26.168
20.0	20.299
