20.04	0.57220458984375
20.06	5.7220458984375
20.080000000000002	1.1444091796875
20.1	1.1444091796875
20.12	2.288818359375
20.14	2.288818359375
20.16	4.57763671875
20.18	4.57763671875
20.2	9.1552734375
20.22	9.1552734375
20.240000000000002	18.310546875
20.26	18.310546875
20.28	17.73834228515625
20.3	18.88275146484375
20.32	20.02716064453125
20.34	21.17156982421875
20.36	23.46038818359375
20.38	27.4658203125
20.400000000000002	34.90447998046875
20.42	48.065185546875
20.44	72.66998291015625
20.46	119.59075927734375
20.48	164.794921875
20.5	166.51153564453125
20.52	247.76458740234375
20.54	145.91217041015625
20.56	188.8275146484375
20.580000000000002	189.971923828125
20.6	191.68853759765625
20.62	192.2607421875
20.64	193.97735595703125
20.66	197.9827880859375
20.68	204.8492431640625
20.7	217.437744140625
20.72	203.13262939453125
20.740000000000002	222.015380859375
20.76	191.68853759765625
20.78	195.6939697265625
20.8	196.83837890625
20.82	197.41058349609375
20.84	199.69940185546875
20.86	200.84381103515625
20.88	203.704833984375
20.900000000000002	209.99908447265625
20.92	223.1597900390625
20.94	246.0479736328125
20.96	259.20867919921875
20.98	312.4237060546875
21.0	319.2901611328125
21.02	318.145751953125
21.04	318.71795654296875
21.06	320.4345703125
21.080000000000002	321.00677490234375
21.1	323.29559326171875
21.12	325.58441162109375
21.14	331.30645751953125
21.16	343.32275390625
21.18	349.61700439453125
21.2	342.1783447265625
21.22	343.32275390625
21.240000000000002	306.12945556640625
21.26	270.08056640625
21.28	271.2249755859375
21.3	272.94158935546875
21.32	272.94158935546875
21.34	275.23040771484375
21.36	277.51922607421875
21.38	281.524658203125
21.400000000000002	290.10772705078125
21.42	306.12945556640625
21.44	312.4237060546875
21.46	291.25213623046875
21.48	338.17291259765625
21.5	200.84381103515625
21.52	33.1878662109375
21.54	34.332275390625
21.56	35.4766845703125
21.580000000000002	36.62109375
21.6	38.33770751953125
21.62	41.77093505859375
21.64	48.065185546875
21.66	60.6536865234375
21.68	84.686279296875
21.7	131.03485107421875
21.72	133.32366943359375
21.740000000000002	104.71343994140625
21.76	25.74920654296875
21.78	14.8773193359375
21.8	16.021728515625
21.82	17.1661376953125
21.84	18.310546875
21.86	20.02716064453125
21.88	23.46038818359375
21.900000000000002	30.8990478515625
21.92	41.19873046875
21.94	54.931640625
21.96	87.54730224609375
21.98	58.3648681640625
22.0	13.73291015625
22.02	13.73291015625
22.04	14.8773193359375
22.06	16.021728515625
22.080000000000002	17.1661376953125
22.1	19.4549560546875
22.12	23.46038818359375
22.14	30.8990478515625
22.16	45.20416259765625
22.18	69.23675537109375
22.2	95.55816650390625
22.22	111.57989501953125
22.240000000000002	96.13037109375
22.26	108.14666748046875
22.28	111.57989501953125
22.3	112.72430419921875
22.32	114.44091796875
22.34	115.01312255859375
22.36	117.30194091796875
22.38	121.87957763671875
22.400000000000002	128.173828125
22.42	140.19012451171875
22.44	159.0728759765625
22.46	120.73516845703125
22.48	74.95880126953125
22.5	75.531005859375
22.52	77.24761962890625
22.54	78.39202880859375
22.56	79.53643798828125
22.580000000000002	81.2530517578125
22.6	85.25848388671875
22.62	92.12493896484375
22.64	101.8524169921875
22.66	116.15753173828125
22.68	132.75146484375
22.7	92.6971435546875
22.72	27.4658203125
22.740000000000002	32.04345703125
22.76	33.1878662109375
22.78	33.76007080078125
22.8	35.4766845703125
22.82	38.33770751953125
22.84	44.05975341796875
22.86	54.35943603515625
22.88	73.81439208984375
22.900000000000002	101.28021240234375
22.92	140.19012451171875
22.94	154.4952392578125
22.96	54.931640625
22.98	111.0076904296875
23.0	112.152099609375
23.02	113.86871337890625
23.04	114.44091796875
23.06	116.15753173828125
23.080000000000002	118.44635009765625
23.1	124.16839599609375
23.12	129.89044189453125
23.14	142.47894287109375
23.16	162.506103515625
23.18	193.97735595703125
23.2	14.30511474609375
23.22	28.6102294921875
23.240000000000002	29.754638671875
23.26	30.8990478515625
23.28	32.04345703125
23.3	34.332275390625
23.32	38.33770751953125
23.34	48.065185546875
23.36	62.9425048828125
23.38	93.26934814453125
23.400000000000002	145.91217041015625
23.42	170.5169677734375
23.44	168.2281494140625
23.46	54.35943603515625
23.48	57.220458984375
23.5	58.3648681640625
23.52	59.50927734375
23.54	60.6536865234375
23.56	61.798095703125
23.580000000000002	62.9425048828125
23.6	68.09234619140625
23.62	76.6754150390625
23.64	92.6971435546875
23.66	123.59619140625
23.68	161.93389892578125
23.7	191.68853759765625
23.72	55.50384521484375
23.740000000000002	78.39202880859375
23.76	82.3974609375
23.78	84.11407470703125
23.8	85.25848388671875
23.82	85.8306884765625
23.84	88.69171142578125
23.86	93.26934814453125
23.88	102.42462158203125
23.900000000000002	119.59075927734375
23.92	153.92303466796875
23.94	190.54412841796875
23.96	200.84381103515625
23.98	68.66455078125
24.0	64.65911865234375
24.02	67.5201416015625
24.04	68.09234619140625
24.060000000000002	69.8089599609375
24.080000000000002	70.953369140625
24.1	72.66998291015625
24.12	77.81982421875
24.14	85.8306884765625
24.16	102.42462158203125
24.18	133.32366943359375
24.2	188.8275146484375
24.22	138.4735107421875
24.240000000000002	142.47894287109375
24.26	77.24761962890625
24.28	78.9642333984375
24.3	79.53643798828125
24.32	81.2530517578125
24.34	82.3974609375
24.36	84.686279296875
24.38	88.69171142578125
24.400000000000002	97.2747802734375
24.42	108.7188720703125
24.44	124.16839599609375
24.46	115.5853271484375
24.48	97.84698486328125
24.5	99.5635986328125
24.52	100.13580322265625
24.54	101.8524169921875
24.560000000000002	102.42462158203125
24.580000000000002	104.71343994140625
24.6	108.14666748046875
24.62	116.729736328125
24.64	131.6070556640625
24.66	161.3616943359375
24.68	216.2933349609375
24.7	172.8057861328125
24.72	223.73199462890625
24.740000000000002	168.80035400390625
24.76	85.25848388671875
24.78	113.86871337890625
24.8	115.5853271484375
24.82	116.15753173828125
24.84	117.8741455078125
24.86	119.59075927734375
24.88	123.02398681640625
24.900000000000002	131.03485107421875
24.92	140.19012451171875
24.94	153.92303466796875
24.96	165.36712646484375
24.98	113.2965087890625
25.0	62.37030029296875
25.02	69.23675537109375
25.04	69.8089599609375
25.060000000000002	70.953369140625
25.080000000000002	71.52557373046875
25.1	74.3865966796875
25.12	77.81982421875
25.14	84.11407470703125
25.16	96.70257568359375
25.18	119.0185546875
25.2	133.32366943359375
25.22	181.38885498046875
25.240000000000002	176.239013671875
25.26	201.98822021484375
25.28	226.593017578125
25.3	209.4268798828125
25.32	208.85467529296875
25.34	213.43231201171875
25.36	218.5821533203125
25.38	224.30419921875
25.400000000000002	223.1597900390625
25.42	208.282470703125
25.44	226.593017578125
25.46	208.282470703125
25.48	209.4268798828125
25.5	218.5821533203125
25.52	213.43231201171875
25.54	211.14349365234375
25.560000000000002	207.71026611328125
25.580000000000002	211.7156982421875
25.6	215.72113037109375
25.62	210.5712890625
25.64	205.99365234375
25.66	208.282470703125
25.68	207.71026611328125
25.7	207.1380615234375
25.72	213.43231201171875
25.740000000000002	208.282470703125
25.76	208.85467529296875
25.78	211.7156982421875
25.8	216.2933349609375
25.82	225.4486083984375
25.84	207.1380615234375
25.86	224.87640380859375
25.88	205.99365234375
25.900000000000002	213.43231201171875
25.92	217.437744140625
25.94	215.14892578125
25.96	214.57672119140625
25.98	213.43231201171875
26.0	217.437744140625
26.02	220.29876708984375
26.04	217.437744140625
26.060000000000002	211.7156982421875
26.080000000000002	220.8709716796875
26.1	220.29876708984375
26.12	218.00994873046875
26.14	224.87640380859375
26.16	227.7374267578125
26.18	223.73199462890625
26.2	227.7374267578125
26.22	228.8818359375
26.240000000000002	219.7265625
26.26	223.1597900390625
26.28	239.75372314453125
26.3	238.60931396484375
26.32	235.748291015625
26.34	238.60931396484375
26.36	239.75372314453125
26.38	240.325927734375
26.400000000000002	240.325927734375
26.42	242.04254150390625
26.44	243.18695068359375
26.46	240.89813232421875
26.48	239.75372314453125
26.5	242.04254150390625
26.52	243.18695068359375
26.54	242.61474609375
26.560000000000002	240.325927734375
26.580000000000002	238.60931396484375
26.6	239.1815185546875
26.62	241.4703369140625
26.64	238.60931396484375
26.66	239.75372314453125
26.68	237.46490478515625
26.7	239.1815185546875
26.72	241.4703369140625
26.740000000000002	240.89813232421875
26.76	240.89813232421875
26.78	240.89813232421875
26.8	238.60931396484375
26.82	238.60931396484375
26.84	239.75372314453125
26.86	241.4703369140625
26.88	243.7591552734375
26.900000000000002	242.04254150390625
26.92	242.61474609375
26.94	242.04254150390625
26.96	242.61474609375
26.98	242.04254150390625
27.0	241.4703369140625
27.02	239.1815185546875
27.04	240.325927734375
27.060000000000002	239.75372314453125
27.080000000000002	240.89813232421875
27.1	237.46490478515625
27.12	238.60931396484375
27.14	240.89813232421875
27.16	240.325927734375
27.18	239.1815185546875
27.2	240.325927734375
27.22	240.325927734375
27.240000000000002	240.325927734375
27.26	240.89813232421875
27.28	240.325927734375
27.3	237.46490478515625
27.32	238.037109375
27.34	238.60931396484375
27.36	238.60931396484375
27.38	237.46490478515625
27.400000000000002	236.32049560546875
27.42	232.88726806640625
27.44	235.17608642578125
27.46	234.03167724609375
27.48	234.6038818359375
27.5	235.17608642578125
27.52	231.74285888671875
27.54	235.17608642578125
27.560000000000002	234.6038818359375
27.580000000000002	234.03167724609375
27.6	234.6038818359375
27.62	234.6038818359375
27.64	234.03167724609375
27.66	232.88726806640625
27.68	238.037109375
27.7	236.8927001953125
27.72	235.748291015625
27.740000000000002	235.748291015625
27.76	234.03167724609375
27.78	235.17608642578125
27.8	235.748291015625
27.82	236.32049560546875
27.84	235.748291015625
27.86	232.88726806640625
27.88	235.17608642578125
27.900000000000002	232.3150634765625
27.92	233.45947265625
27.94	234.03167724609375
27.96	235.748291015625
27.98	231.74285888671875
28.0	234.03167724609375
28.02	234.6038818359375
28.04	233.45947265625
28.060000000000002	233.45947265625
28.080000000000002	235.748291015625
28.1	234.03167724609375
28.12	232.3150634765625
28.14	232.88726806640625
28.16	232.3150634765625
28.18	231.74285888671875
28.2	231.74285888671875
28.22	232.3150634765625
28.240000000000002	229.45404052734375
28.26	230.59844970703125
28.28	230.59844970703125
28.3	229.45404052734375
28.32	232.3150634765625
28.34	228.30963134765625
28.36	233.45947265625
28.38	229.45404052734375
28.400000000000002	232.3150634765625
28.42	233.45947265625
28.44	234.03167724609375
28.46	231.170654296875
28.48	234.6038818359375
28.5	234.6038818359375
28.52	235.748291015625
28.54	234.6038818359375
28.560000000000002	237.46490478515625
28.580000000000002	235.17608642578125
28.6	237.46490478515625
28.62	236.32049560546875
28.64	235.17608642578125
28.66	234.03167724609375
28.68	234.03167724609375
28.7	235.748291015625
28.72	232.88726806640625
28.740000000000002	233.45947265625
28.76	236.32049560546875
28.78	237.46490478515625
28.8	233.45947265625
28.82	237.46490478515625
28.84	234.6038818359375
28.86	238.60931396484375
28.88	235.748291015625
28.900000000000002	238.037109375
28.92	234.03167724609375
28.94	234.6038818359375
28.96	235.17608642578125
28.98	234.03167724609375
29.0	232.88726806640625
29.02	233.45947265625
29.04	231.74285888671875
29.060000000000002	231.170654296875
29.080000000000002	235.17608642578125
29.1	231.74285888671875
29.12	228.8818359375
29.14	230.0262451171875
29.16	234.6038818359375
29.18	233.45947265625
29.2	231.74285888671875
29.22	230.59844970703125
29.240000000000002	232.88726806640625
29.26	232.3150634765625
29.28	236.32049560546875
29.3	238.037109375
29.32	234.03167724609375
29.34	237.46490478515625
29.36	234.6038818359375
29.38	234.6038818359375
29.400000000000002	236.8927001953125
29.42	236.8927001953125
29.44	234.6038818359375
29.46	234.03167724609375
29.48	232.3150634765625
29.5	235.17608642578125
29.52	228.8818359375
29.54	234.03167724609375
29.560000000000002	236.32049560546875
29.580000000000002	233.45947265625
29.6	234.6038818359375
29.62	235.748291015625
29.64	234.03167724609375
29.66	236.8927001953125
29.68	232.3150634765625
29.7	235.17608642578125
29.72	233.45947265625
29.740000000000002	230.59844970703125
29.76	230.0262451171875
29.78	231.74285888671875
29.8	230.0262451171875
29.82	230.59844970703125
29.84	227.7374267578125
29.86	227.16522216796875
29.88	230.59844970703125
29.900000000000002	228.8818359375
29.92	230.0262451171875
29.94	226.593017578125
29.96	234.6038818359375
29.98	230.0262451171875
30.0	231.170654296875
30.02	205.99365234375
30.04	62.37030029296875
30.060000000000002	66.375732421875
30.080000000000002	66.375732421875
30.1	65.2313232421875
30.12	66.375732421875
30.14	9.72747802734375
30.16	9.72747802734375
30.18	9.72747802734375
30.2	9.72747802734375
30.22	0.57220458984375
30.240000000000002	8.0108642578125
30.26	55.50384521484375
30.28	66.375732421875
30.3	66.375732421875
30.32	66.375732421875
30.34	66.94793701171875
30.36	66.375732421875
30.38	15.44952392578125
30.400000000000002	15.44952392578125
30.42	0.57220458984375
30.44	0.286102294921875
30.46	0.286102294921875
30.48	45.20416259765625
30.5	66.94793701171875
30.52	66.375732421875
30.54	66.375732421875
30.560000000000002	66.375732421875
30.580000000000002	66.375732421875
30.6	12.5885009765625
30.62	12.5885009765625
30.64	12.5885009765625
30.66	0.57220458984375
30.68	20.599365234375
30.7	47.49298095703125
30.72	40.0543212890625
30.740000000000002	54.931640625
30.76	66.375732421875
30.78	66.375732421875
30.8	65.80352783203125
30.82	65.80352783203125
30.84	22.029876708984375
30.86	22.029876708984375
30.88	0.57220458984375
30.900000000000002	0.57220458984375
30.92	52.642822265625
30.94	66.375732421875
30.96	66.375732421875
30.98	65.80352783203125
31.0	65.2313232421875
31.02	65.80352783203125
31.04	22.88818359375
31.060000000000002	22.88818359375
31.080000000000002	0.57220458984375
31.1	0.57220458984375
31.12	54.35943603515625
31.14	62.9425048828125
31.16	66.375732421875
31.18	66.375732421875
31.2	66.94793701171875
31.220000000000002	66.375732421875
31.240000000000002	20.40863037109375
31.26	20.40863037109375
31.28	20.40863037109375
31.3	0.57220458984375
31.32	29.18243408203125
31.34	62.37030029296875
31.36	65.80352783203125
31.38	65.2313232421875
31.400000000000002	66.375732421875
31.42	66.375732421875
31.44	66.94793701171875
31.46	8.392333984375
31.48	8.392333984375
31.5	8.392333984375
31.52	0.57220458984375
31.54	60.6536865234375
31.560000000000002	63.51470947265625
31.580000000000002	66.94793701171875
31.6	66.375732421875
31.62	66.375732421875
31.64	66.375732421875
31.66	27.4658203125
31.68	27.4658203125
31.7	0.57220458984375
31.720000000000002	0.57220458984375
31.740000000000002	27.4658203125
31.76	63.51470947265625
31.78	66.375732421875
31.8	66.375732421875
31.82	66.375732421875
31.84	66.375732421875
31.86	66.94793701171875
31.88	8.392333984375
31.900000000000002	8.392333984375
31.92	8.392333984375
31.94	2.288818359375
31.96	62.37030029296875
31.98	66.94793701171875
32.0	65.80352783203125
32.02	66.375732421875
32.04	65.80352783203125
32.06	65.80352783203125
32.08	25.463104248046875
32.1	25.463104248046875
32.12	0.57220458984375
32.14	0.57220458984375
32.160000000000004	46.9207763671875
32.18	62.9425048828125
32.2	66.94793701171875
32.22	66.375732421875
32.24	66.375732421875
32.26	66.375732421875
32.28	66.375732421875
32.3	6.866455078125
32.32	0.57220458984375
32.34	0.57220458984375
32.36	37.7655029296875
32.38	62.9425048828125
32.4	66.375732421875
32.42	66.94793701171875
32.44	69.8089599609375
32.46	69.23675537109375
32.480000000000004	66.375732421875
32.5	22.31597900390625
32.52	0.57220458984375
32.54	0.57220458984375
32.56	31.47125244140625
32.58	64.0869140625
32.6	68.09234619140625
32.62	66.94793701171875
32.64	66.375732421875
32.660000000000004	68.66455078125
32.68	70.38116455078125
32.7	66.375732421875
32.72	72.66998291015625
32.74	72.0977783203125
32.76	72.66998291015625
32.78	74.95880126953125
32.8	69.8089599609375
32.82	44.05975341796875
32.84	86.40289306640625
32.86	82.96966552734375
32.88	83.5418701171875
32.9	89.263916015625
32.92	85.25848388671875
32.94	85.25848388671875
32.96	84.686279296875
32.980000000000004	82.96966552734375
33.0	85.8306884765625
33.02	88.1195068359375
33.04	76.6754150390625
33.06	86.97509765625
33.08	99.5635986328125
33.1	98.99139404296875
33.12	99.5635986328125
33.14	98.419189453125
33.160000000000004	100.7080078125
33.18	99.5635986328125
33.2	100.7080078125
33.22	92.6971435546875
33.24	100.7080078125
33.26	102.42462158203125
33.28	103.56903076171875
33.3	105.28564453125
33.32	105.85784912109375
33.34	105.28564453125
33.36	106.4300537109375
33.38	101.28021240234375
33.4	104.71343994140625
33.42	104.1412353515625
33.44	104.1412353515625
33.46	102.42462158203125
33.480000000000004	104.1412353515625
33.5	104.1412353515625
33.52	102.42462158203125
33.54	101.28021240234375
33.56	101.8524169921875
33.58	102.996826171875
33.6	102.42462158203125
33.62	101.8524169921875
33.64	100.13580322265625
33.660000000000004	101.8524169921875
33.68	100.7080078125
33.7	101.28021240234375
33.72	100.7080078125
33.74	100.13580322265625
33.76	98.99139404296875
33.78	99.5635986328125
33.8	100.7080078125
33.82	100.7080078125
33.84	100.13580322265625
33.86	98.99139404296875
33.88	98.419189453125
33.9	98.99139404296875
33.92	98.99139404296875
33.94	98.99139404296875
33.96	97.84698486328125
33.980000000000004	97.84698486328125
34.0	97.84698486328125
34.02	98.419189453125
34.04	97.84698486328125
34.06	96.70257568359375
34.08	94.9859619140625
34.1	95.55816650390625
34.12	96.70257568359375
34.14	96.13037109375
34.160000000000004	96.13037109375
34.18	94.9859619140625
34.2	93.841552734375
34.22	95.55816650390625
34.24	94.41375732421875
34.26	94.41375732421875
34.28	93.841552734375
34.300000000000004	93.26934814453125
34.32	93.841552734375
34.34	94.41375732421875
34.36	93.26934814453125
34.38	92.6971435546875
34.4	90.98052978515625
34.42	93.26934814453125
34.44	92.6971435546875
34.46	92.6971435546875
34.480000000000004	92.12493896484375
34.5	92.12493896484375
34.52	91.552734375
34.54	92.12493896484375
34.56	91.552734375
34.58	90.98052978515625
34.6	90.98052978515625
34.62	91.552734375
34.64	91.552734375
34.660000000000004	90.98052978515625
34.68	90.98052978515625
34.7	90.4083251953125
34.72	89.83612060546875
34.74	90.4083251953125
34.76	89.263916015625
34.78	88.1195068359375
34.800000000000004	88.69171142578125
34.82	87.54730224609375
34.84	88.1195068359375
34.86	88.1195068359375
34.88	88.1195068359375
34.9	87.54730224609375
34.92	87.54730224609375
34.94	88.1195068359375
34.96	88.1195068359375
34.980000000000004	87.54730224609375
35.0	86.97509765625
35.02	85.25848388671875
35.04	85.8306884765625
35.06	86.97509765625
35.08	84.686279296875
35.1	85.25848388671875
35.12	84.686279296875
35.14	84.11407470703125
35.160000000000004	85.25848388671875
35.18	84.686279296875
35.2	84.11407470703125
35.22	84.11407470703125
35.24	84.11407470703125
35.26	84.11407470703125
35.28	83.5418701171875
35.300000000000004	83.5418701171875
35.32	82.3974609375
35.34	82.3974609375
35.36	82.3974609375
35.38	83.5418701171875
35.4	82.96966552734375
35.42	83.5418701171875
35.44	82.3974609375
35.46	82.3974609375
35.480000000000004	82.3974609375
35.5	81.82525634765625
35.52	81.82525634765625
35.54	82.3974609375
35.56	81.2530517578125
35.58	82.3974609375
35.6	81.2530517578125
35.62	81.2530517578125
35.64	80.108642578125
35.660000000000004	80.68084716796875
35.68	81.2530517578125
35.7	80.68084716796875
35.72	80.68084716796875
35.74	78.9642333984375
35.76	79.53643798828125
35.78	80.108642578125
35.800000000000004	79.53643798828125
35.82	78.39202880859375
35.84	78.39202880859375
35.86	78.39202880859375
35.88	78.9642333984375
35.9	77.81982421875
35.92	78.9642333984375
35.94	78.9642333984375
35.96	78.39202880859375
35.980000000000004	78.9642333984375
36.0	78.9642333984375
36.02	78.39202880859375
36.04	77.81982421875
36.06	77.81982421875
36.08	77.81982421875
36.1	77.81982421875
36.12	77.81982421875
36.14	77.24761962890625
36.160000000000004	77.24761962890625
36.18	77.24761962890625
36.2	77.24761962890625
36.22	76.6754150390625
36.24	77.24761962890625
36.26	76.6754150390625
36.28	77.24761962890625
36.300000000000004	76.10321044921875
36.32	76.6754150390625
36.34	76.6754150390625
36.36	76.6754150390625
36.38	76.10321044921875
36.4	76.6754150390625
36.42	77.24761962890625
36.44	77.24761962890625
36.46	76.6754150390625
36.480000000000004	75.531005859375
36.5	76.10321044921875
36.52	77.81982421875
36.54	76.6754150390625
36.56	77.24761962890625
36.58	76.6754150390625
36.6	75.531005859375
36.62	76.10321044921875
36.64	76.10321044921875
36.660000000000004	74.95880126953125
36.68	75.531005859375
36.7	75.531005859375
36.72	75.531005859375
36.74	74.95880126953125
36.76	74.95880126953125
36.78	74.95880126953125
36.800000000000004	73.81439208984375
36.82	73.81439208984375
36.84	74.95880126953125
36.86	74.3865966796875
36.88	74.3865966796875
36.9	74.95880126953125
36.92	73.2421875
36.94	73.2421875
36.96	73.81439208984375
36.980000000000004	73.81439208984375
37.0	74.3865966796875
37.02	73.2421875
37.04	73.81439208984375
37.06	73.2421875
37.08	73.2421875
37.1	73.81439208984375
37.12	73.2421875
37.14	73.2421875
37.160000000000004	72.0977783203125
37.18	73.81439208984375
37.2	72.66998291015625
37.22	72.66998291015625
37.24	73.2421875
37.26	72.66998291015625
37.28	72.0977783203125
37.300000000000004	71.52557373046875
37.32	72.66998291015625
37.34	72.66998291015625
37.36	72.0977783203125
37.38	72.0977783203125
37.4	72.0977783203125
37.42	72.66998291015625
37.44	72.0977783203125
37.46	72.66998291015625
37.480000000000004	72.0977783203125
37.5	70.953369140625
37.52	70.953369140625
37.54	71.52557373046875
37.56	71.52557373046875
37.58	70.953369140625
37.6	70.953369140625
37.62	71.52557373046875
37.64	71.52557373046875
37.660000000000004	70.953369140625
37.68	70.38116455078125
37.7	70.38116455078125
37.72	70.953369140625
37.74	71.52557373046875
37.76	71.52557373046875
37.78	70.38116455078125
37.800000000000004	70.38116455078125
37.82	70.953369140625
37.84	70.953369140625
37.86	70.953369140625
37.88	69.8089599609375
37.9	70.38116455078125
37.92	70.38116455078125
37.94	70.38116455078125
37.96	70.38116455078125
37.980000000000004	70.38116455078125
38.0	70.38116455078125
38.02	70.953369140625
38.04	71.52557373046875
38.06	70.953369140625
38.08	71.52557373046875
38.1	69.8089599609375
38.12	69.8089599609375
38.14	69.8089599609375
38.160000000000004	69.8089599609375
38.18	69.8089599609375
38.2	70.38116455078125
38.22	70.38116455078125
38.24	69.8089599609375
38.26	70.38116455078125
38.28	69.8089599609375
38.300000000000004	70.38116455078125
38.32	69.8089599609375
38.34	70.38116455078125
38.36	69.23675537109375
38.38	69.23675537109375
38.4	68.66455078125
38.42	69.23675537109375
38.44	68.66455078125
38.46	69.23675537109375
38.480000000000004	69.23675537109375
38.5	69.23675537109375
38.52	69.23675537109375
38.54	69.23675537109375
38.56	69.23675537109375
38.58	69.8089599609375
38.6	69.23675537109375
38.62	69.23675537109375
38.64	70.953369140625
38.660000000000004	69.8089599609375
38.68	69.23675537109375
38.7	69.23675537109375
38.72	69.8089599609375
38.74	69.23675537109375
38.76	69.8089599609375
38.78	69.8089599609375
38.800000000000004	69.8089599609375
38.82	69.8089599609375
38.84	69.23675537109375
38.86	69.8089599609375
38.88	69.8089599609375
38.9	70.38116455078125
38.92	68.66455078125
38.94	69.8089599609375
38.96	70.38116455078125
38.980000000000004	69.8089599609375
39.0	69.8089599609375
39.02	69.8089599609375
39.04	69.8089599609375
39.06	68.66455078125
39.08	70.38116455078125
39.1	69.23675537109375
39.12	69.23675537109375
39.14	69.8089599609375
39.160000000000004	69.23675537109375
39.18	69.8089599609375
39.2	69.8089599609375
39.22	69.23675537109375
39.24	69.8089599609375
39.26	69.8089599609375
39.28	69.8089599609375
39.300000000000004	70.38116455078125
39.32	69.23675537109375
39.34	69.8089599609375
39.36	69.23675537109375
39.38	68.09234619140625
39.4	68.09234619140625
39.42	68.66455078125
39.44	69.8089599609375
39.46	69.23675537109375
39.480000000000004	67.5201416015625
39.5	68.66455078125
39.52	69.23675537109375
39.54	68.66455078125
39.56	69.23675537109375
39.58	69.23675537109375
39.6	69.23675537109375
39.62	69.23675537109375
39.64	68.66455078125
39.660000000000004	69.23675537109375
39.68	69.8089599609375
39.7	68.66455078125
39.72	68.66455078125
39.74	68.66455078125
39.76	69.8089599609375
39.78	69.23675537109375
39.800000000000004	68.66455078125
39.82	68.66455078125
39.84	69.23675537109375
39.86	68.66455078125
39.88	68.66455078125
39.9	68.09234619140625
39.92	69.8089599609375
39.94	69.23675537109375
39.96	68.09234619140625
39.980000000000004	69.23675537109375
40.0	69.23675537109375
40.02	71.52557373046875
40.04	69.8089599609375
40.06	71.52557373046875
40.08	72.66998291015625
40.1	73.2421875
40.12	74.95880126953125
40.14	77.24761962890625
40.160000000000004	81.82525634765625
40.18	89.83612060546875
40.2	107.574462890625
40.22	138.4735107421875
40.24	165.9393310546875
40.26	163.6505126953125
40.28	105.28564453125
40.300000000000004	76.10321044921875
40.32	94.9859619140625
40.34	96.70257568359375
40.36	97.84698486328125
40.38	98.99139404296875
40.4	102.42462158203125
40.42	107.00225830078125
40.44	117.8741455078125
40.46	136.1846923828125
40.480000000000004	153.350830078125
40.5	163.6505126953125
40.52	28.6102294921875
40.54	65.80352783203125
40.56	66.375732421875
40.58	66.94793701171875
40.6	68.66455078125
40.62	69.8089599609375
40.64	72.0977783203125
40.660000000000004	76.10321044921875
40.68	83.5418701171875
40.7	98.419189453125
40.72	123.59619140625
40.74	142.47894287109375
40.76	163.6505126953125
40.78	166.51153564453125
40.800000000000004	183.10546875
40.82	185.96649169921875
40.84	186.5386962890625
40.86	187.68310546875
40.88	188.8275146484375
40.9	191.1163330078125
40.92	193.4051513671875
40.94	199.127197265625
40.96	197.9827880859375
40.980000000000004	191.68853759765625
41.0	201.416015625
41.02	200.2716064453125
41.04	201.416015625
41.06	202.5604248046875
41.08	204.27703857421875
41.1	204.8492431640625
41.12	207.71026611328125
41.14	212.28790283203125
41.160000000000004	222.58758544921875
41.18	221.44317626953125
41.2	214.57672119140625
41.22	199.127197265625
41.24	184.82208251953125
41.26	185.394287109375
41.28	187.11090087890625
41.300000000000004	187.68310546875
41.32	188.8275146484375
41.34	191.68853759765625
41.36	195.6939697265625
41.38	204.27703857421875
41.4	209.4268798828125
41.42	221.44317626953125
41.44	203.704833984375
41.46	196.26617431640625
41.480000000000004	12.01629638671875
41.5	17.1661376953125
41.52	18.310546875
41.54	19.4549560546875
41.56	20.599365234375
41.58	22.31597900390625
41.6	26.89361572265625
41.62	34.332275390625
41.64	49.2095947265625
41.660000000000004	76.6754150390625
41.68	124.7406005859375
41.7	171.08917236328125
41.72	166.51153564453125
41.74	201.98822021484375
41.76	88.69171142578125
41.78	92.12493896484375
41.800000000000004	92.6971435546875
41.82	94.41375732421875
41.84	95.55816650390625
41.86	97.2747802734375
41.88	101.8524169921875
41.9	110.43548583984375
41.92	121.87957763671875
41.94	129.3182373046875
41.96	70.953369140625
41.980000000000004	19.4549560546875
42.0	27.4658203125
42.02	29.18243408203125
42.04	29.754638671875
42.06	32.04345703125
42.08	34.90447998046875
42.1	41.19873046875
42.12	52.642822265625
42.14	73.2421875
42.160000000000004	96.13037109375
42.18	127.0294189453125
42.2	2.86102294921875
42.22	10.87188720703125
42.24	12.5885009765625
42.26	13.16070556640625
42.28	14.30511474609375
42.300000000000004	15.44952392578125
42.32	17.73834228515625
42.34	22.31597900390625
42.36	30.8990478515625
42.38	46.34857177734375
42.4	73.81439208984375
42.42	116.15753173828125
42.44	156.7840576171875
42.46	133.32366943359375
42.480000000000004	70.953369140625
42.5	107.574462890625
42.52	108.7188720703125
42.54	109.86328125
42.56	110.43548583984375
42.58	112.72430419921875
42.6	116.729736328125
42.62	124.16839599609375
42.64	138.4735107421875
42.660000000000004	160.78948974609375
42.68	171.661376953125
42.7	164.22271728515625
42.72	168.2281494140625
42.74	212.860107421875
42.76	205.99365234375
42.78	208.85467529296875
42.800000000000004	206.56585693359375
42.82	201.98822021484375
42.84	204.27703857421875
42.86	204.27703857421875
42.88	205.99365234375
42.9	207.1380615234375
42.92	206.56585693359375
42.94	204.8492431640625
42.96	211.7156982421875
42.980000000000004	212.28790283203125
43.0	213.43231201171875
43.02	213.43231201171875
43.04	214.57672119140625
43.06	214.57672119140625
43.08	212.860107421875
43.1	211.14349365234375
43.12	209.99908447265625
43.14	211.14349365234375
43.160000000000004	210.5712890625
43.18	209.4268798828125
43.2	209.4268798828125
43.22	211.14349365234375
43.24	211.14349365234375
43.26	210.5712890625
43.28	209.99908447265625
43.300000000000004	209.99908447265625
43.32	210.5712890625
43.34	211.14349365234375
43.36	209.99908447265625
43.38	207.71026611328125
43.4	207.71026611328125
43.42	207.71026611328125
43.44	208.282470703125
43.46	209.4268798828125
43.480000000000004	208.85467529296875
43.5	208.85467529296875
43.52	208.282470703125
43.54	209.4268798828125
43.56	208.282470703125
43.58	208.85467529296875
43.6	208.282470703125
43.62	207.71026611328125
43.64	208.282470703125
43.660000000000004	209.4268798828125
43.68	209.4268798828125
43.7	208.85467529296875
43.72	208.282470703125
43.74	208.85467529296875
43.76	209.99908447265625
43.78	210.5712890625
43.800000000000004	209.4268798828125
43.82	210.5712890625
43.84	208.85467529296875
43.86	209.4268798828125
43.88	209.4268798828125
43.9	209.99908447265625
43.92	208.282470703125
43.94	209.4268798828125
43.96	209.4268798828125
43.980000000000004	209.4268798828125
44.0	208.85467529296875
44.02	209.99908447265625
44.04	208.85467529296875
44.06	209.99908447265625
44.08	209.99908447265625
44.1	208.85467529296875
44.12	208.282470703125
44.14	207.71026611328125
44.160000000000004	208.85467529296875
44.18	209.4268798828125
44.2	208.85467529296875
44.22	209.99908447265625
44.24	209.4268798828125
44.26	208.85467529296875
44.28	207.71026611328125
44.300000000000004	207.71026611328125
44.32	207.71026611328125
44.34	207.1380615234375
44.36	207.71026611328125
44.38	207.71026611328125
44.4	208.282470703125
44.42	208.282470703125
44.44	207.71026611328125
44.46	207.1380615234375
44.480000000000004	207.71026611328125
44.5	208.282470703125
44.52	207.1380615234375
44.54	205.99365234375
44.56	205.42144775390625
44.58	205.42144775390625
44.6	206.56585693359375
44.62	207.71026611328125
44.64	207.71026611328125
44.660000000000004	205.99365234375
44.68	205.99365234375
44.7	205.42144775390625
44.72	204.8492431640625
44.74	204.8492431640625
44.76	205.42144775390625
44.78	204.8492431640625
44.800000000000004	204.8492431640625
44.82	205.42144775390625
44.84	206.56585693359375
44.86	205.42144775390625
44.88	204.8492431640625
44.9	204.8492431640625
44.92	205.42144775390625
44.94	203.13262939453125
44.96	204.8492431640625
44.980000000000004	204.8492431640625
45.0	203.704833984375
45.02	204.27703857421875
45.04	204.8492431640625
45.06	204.27703857421875
45.08	203.704833984375
45.1	204.27703857421875
45.12	203.13262939453125
45.14	203.704833984375
45.160000000000004	203.13262939453125
45.18	203.704833984375
45.2	203.13262939453125
45.22	203.704833984375
45.24	204.27703857421875
45.26	203.13262939453125
45.28	202.5604248046875
45.300000000000004	202.5604248046875
45.32	203.704833984375
45.34	204.27703857421875
45.36	203.704833984375
45.38	201.98822021484375
45.4	203.13262939453125
45.42	203.13262939453125
45.44	204.8492431640625
45.46	204.27703857421875
45.480000000000004	202.5604248046875
45.5	203.704833984375
45.52	203.704833984375
45.54	204.8492431640625
45.56	203.704833984375
45.58	202.5604248046875
45.6	203.704833984375
45.62	202.5604248046875
45.64	202.5604248046875
45.660000000000004	203.704833984375
45.68	204.27703857421875
45.7	203.13262939453125
45.72	202.5604248046875
45.74	204.27703857421875
45.76	204.27703857421875
45.78	204.27703857421875
45.800000000000004	204.27703857421875
45.82	204.27703857421875
45.84	204.27703857421875
45.86	204.27703857421875
45.88	204.27703857421875
45.9	203.704833984375
45.92	203.704833984375
45.94	203.704833984375
45.96	203.704833984375
45.980000000000004	203.13262939453125
46.0	203.13262939453125
46.02	203.704833984375
46.04	203.704833984375
46.06	202.5604248046875
46.08	203.13262939453125
46.1	201.416015625
46.12	201.98822021484375
46.14	200.2716064453125
46.160000000000004	200.84381103515625
46.18	201.98822021484375
46.2	200.84381103515625
46.22	200.84381103515625
46.24	201.416015625
46.26	199.69940185546875
46.28	200.84381103515625
46.300000000000004	200.2716064453125
46.32	200.84381103515625
46.34	199.127197265625
46.36	199.127197265625
46.38	199.127197265625
46.4	199.69940185546875
46.42	198.55499267578125
46.44	197.9827880859375
46.46	198.55499267578125
46.480000000000004	199.127197265625
46.5	198.55499267578125
46.52	198.55499267578125
46.54	197.41058349609375
46.56	199.69940185546875
46.58	197.41058349609375
46.6	197.9827880859375
46.62	197.41058349609375
46.64	196.83837890625
46.660000000000004	197.9827880859375
46.68	197.41058349609375
46.7	199.127197265625
46.72	198.55499267578125
46.74	198.55499267578125
46.76	199.127197265625
46.78	198.55499267578125
46.800000000000004	197.9827880859375
46.82	197.41058349609375
46.84	198.55499267578125
46.86	197.9827880859375
46.88	199.127197265625
46.9	197.9827880859375
46.92	197.9827880859375
46.94	197.9827880859375
46.96	196.83837890625
46.980000000000004	196.26617431640625
47.0	197.41058349609375
47.02	196.83837890625
47.04	197.41058349609375
47.06	195.6939697265625
47.08	196.26617431640625
47.1	196.83837890625
47.12	197.41058349609375
47.14	197.41058349609375
47.160000000000004	196.83837890625
47.18	198.55499267578125
47.2	197.41058349609375
47.22	197.9827880859375
47.24	198.55499267578125
47.26	198.55499267578125
47.28	198.55499267578125
47.300000000000004	197.9827880859375
47.32	196.83837890625
47.34	196.83837890625
47.36	196.83837890625
47.38	195.6939697265625
47.4	195.6939697265625
47.42	196.26617431640625
47.44	195.6939697265625
47.46	195.12176513671875
47.480000000000004	195.6939697265625
47.5	195.12176513671875
47.52	195.12176513671875
47.54	195.12176513671875
47.56	195.12176513671875
47.58	193.97735595703125
47.6	193.97735595703125
47.62	195.12176513671875
47.64	195.12176513671875
47.660000000000004	195.12176513671875
47.68	194.549560546875
47.7	196.26617431640625
47.72	196.26617431640625
47.74	195.6939697265625
47.76	196.26617431640625
47.78	196.26617431640625
47.800000000000004	196.83837890625
47.82	196.83837890625
47.84	196.26617431640625
47.86	196.26617431640625
47.88	196.83837890625
47.9	196.26617431640625
47.92	197.41058349609375
47.94	195.6939697265625
47.96	195.6939697265625
47.980000000000004	195.6939697265625
48.0	195.12176513671875
48.02	196.26617431640625
48.04	195.6939697265625
48.06	195.6939697265625
48.08	195.6939697265625
48.1	195.6939697265625
48.120000000000005	197.41058349609375
48.14	197.9827880859375
48.160000000000004	196.83837890625
48.18	196.83837890625
48.2	196.83837890625
48.22	197.41058349609375
48.24	197.41058349609375
48.26	197.9827880859375
48.28	197.9827880859375
48.300000000000004	196.83837890625
48.32	196.26617431640625
48.34	195.6939697265625
48.36	196.26617431640625
48.38	196.26617431640625
48.4	195.6939697265625
48.42	195.12176513671875
48.44	195.12176513671875
48.46	195.6939697265625
48.480000000000004	195.6939697265625
48.5	195.12176513671875
48.52	195.6939697265625
48.54	195.6939697265625
48.56	197.41058349609375
48.58	196.26617431640625
48.6	195.6939697265625
48.620000000000005	195.6939697265625
48.64	196.83837890625
48.660000000000004	196.26617431640625
48.68	196.83837890625
48.7	197.9827880859375
48.72	197.41058349609375
48.74	197.9827880859375
48.76	197.41058349609375
48.78	199.127197265625
48.800000000000004	198.55499267578125
48.82	197.9827880859375
48.84	197.41058349609375
48.86	198.55499267578125
48.88	197.9827880859375
48.9	197.9827880859375
48.92	198.55499267578125
48.94	198.55499267578125
48.96	197.9827880859375
48.980000000000004	196.83837890625
49.0	197.41058349609375
49.02	197.9827880859375
49.04	196.26617431640625
49.06	196.26617431640625
49.08	197.41058349609375
49.1	196.26617431640625
49.120000000000005	196.83837890625
49.14	197.41058349609375
49.160000000000004	196.83837890625
49.18	197.41058349609375
49.2	197.41058349609375
49.22	196.26617431640625
49.24	196.83837890625
49.26	196.83837890625
49.28	196.26617431640625
49.300000000000004	196.26617431640625
49.32	195.6939697265625
49.34	195.6939697265625
49.36	196.83837890625
49.38	195.12176513671875
49.4	195.6939697265625
49.42	194.549560546875
49.44	195.12176513671875
49.46	195.12176513671875
49.480000000000004	196.26617431640625
49.5	197.41058349609375
49.52	195.6939697265625
49.54	196.26617431640625
49.56	195.6939697265625
49.58	195.12176513671875
49.6	196.26617431640625
49.620000000000005	195.6939697265625
49.64	193.97735595703125
49.660000000000004	196.26617431640625
49.68	197.41058349609375
49.7	196.26617431640625
49.72	197.41058349609375
49.74	196.83837890625
49.76	196.26617431640625
49.78	196.26617431640625
49.800000000000004	195.12176513671875
49.82	195.6939697265625
49.84	195.12176513671875
49.86	195.12176513671875
49.88	195.12176513671875
49.9	195.6939697265625
49.92	193.97735595703125
49.94	194.549560546875
49.96	194.549560546875
49.980000000000004	193.4051513671875
50.0	194.549560546875
50.02	193.97735595703125
50.04	193.97735595703125
50.06	195.6939697265625
50.08	194.549560546875
50.1	195.12176513671875
50.120000000000005	194.549560546875
50.14	193.97735595703125
50.160000000000004	193.4051513671875
50.18	195.12176513671875
50.2	194.549560546875
50.22	196.26617431640625
50.24	195.6939697265625
50.26	194.549560546875
50.28	193.97735595703125
50.300000000000004	194.549560546875
50.32	195.12176513671875
50.34	194.549560546875
50.36	194.549560546875
50.38	195.12176513671875
50.4	195.6939697265625
50.42	195.6939697265625
50.44	196.26617431640625
50.46	196.26617431640625
50.480000000000004	195.6939697265625
50.5	195.6939697265625
50.52	195.6939697265625
50.54	196.26617431640625
50.56	196.83837890625
50.58	196.26617431640625
50.6	196.26617431640625
50.620000000000005	197.41058349609375
50.64	197.41058349609375
50.660000000000004	197.41058349609375
50.68	197.9827880859375
50.7	196.26617431640625
50.72	195.12176513671875
50.74	196.26617431640625
50.76	195.12176513671875
50.78	195.12176513671875
50.800000000000004	195.6939697265625
50.82	195.6939697265625
50.84	195.12176513671875
50.86	195.12176513671875
50.88	196.26617431640625
50.9	194.549560546875
50.92	193.97735595703125
50.94	194.549560546875
50.96	195.12176513671875
50.980000000000004	194.549560546875
51.0	195.6939697265625
51.02	193.97735595703125
51.04	193.97735595703125
51.06	195.12176513671875
51.08	195.12176513671875
51.1	195.12176513671875
51.120000000000005	195.6939697265625
51.14	195.12176513671875
51.160000000000004	195.12176513671875
51.18	193.97735595703125
51.2	193.4051513671875
51.22	192.83294677734375
51.24	193.4051513671875
51.26	193.97735595703125
51.28	192.83294677734375
51.300000000000004	193.97735595703125
51.32	191.68853759765625
51.34	192.83294677734375
51.36	193.97735595703125
51.38	192.83294677734375
51.4	192.83294677734375
51.42	192.83294677734375
51.44	193.97735595703125
51.46	193.4051513671875
51.480000000000004	193.4051513671875
51.5	193.4051513671875
51.52	192.83294677734375
51.54	193.4051513671875
51.56	192.83294677734375
51.58	192.83294677734375
51.6	193.97735595703125
51.620000000000005	194.549560546875
51.64	194.549560546875
51.660000000000004	193.4051513671875
51.68	193.4051513671875
51.7	193.97735595703125
51.72	192.83294677734375
51.74	191.68853759765625
51.76	191.68853759765625
51.78	192.83294677734375
51.800000000000004	193.4051513671875
51.82	192.83294677734375
51.84	192.2607421875
51.86	191.1163330078125
51.88	192.2607421875
51.9	191.68853759765625
51.92	192.2607421875
51.94	191.68853759765625
51.96	191.68853759765625
51.980000000000004	192.83294677734375
52.0	193.4051513671875
52.02	193.4051513671875
52.04	192.83294677734375
52.06	192.83294677734375
52.08	193.97735595703125
52.1	193.97735595703125
52.120000000000005	192.83294677734375
52.14	193.97735595703125
52.160000000000004	193.97735595703125
52.18	192.83294677734375
52.2	192.2607421875
52.22	192.83294677734375
52.24	192.2607421875
52.26	191.68853759765625
52.28	192.2607421875
52.300000000000004	192.2607421875
52.32	192.83294677734375
52.34	192.83294677734375
52.36	191.68853759765625
52.38	192.2607421875
52.4	192.2607421875
52.42	193.97735595703125
52.44	193.4051513671875
52.46	193.97735595703125
52.480000000000004	193.4051513671875
52.5	193.97735595703125
52.52	193.97735595703125
52.54	193.97735595703125
52.56	193.97735595703125
52.58	193.4051513671875
52.6	194.549560546875
52.620000000000005	193.4051513671875
52.64	193.4051513671875
52.660000000000004	193.97735595703125
52.68	194.549560546875
52.7	195.12176513671875
52.72	193.97735595703125
52.74	192.83294677734375
52.76	192.83294677734375
52.78	192.83294677734375
52.800000000000004	192.2607421875
52.82	193.4051513671875
52.84	193.4051513671875
52.86	192.83294677734375
52.88	193.4051513671875
52.9	193.4051513671875
52.92	193.4051513671875
52.94	192.83294677734375
52.96	192.83294677734375
52.980000000000004	192.83294677734375
53.0	193.4051513671875
53.02	192.2607421875
53.04	192.83294677734375
53.06	194.549560546875
53.08	192.83294677734375
53.1	193.4051513671875
53.120000000000005	192.2607421875
53.14	192.83294677734375
53.160000000000004	192.83294677734375
53.18	192.83294677734375
53.2	192.2607421875
53.22	192.83294677734375
53.24	192.2607421875
53.26	192.83294677734375
53.28	193.4051513671875
53.300000000000004	193.4051513671875
53.32	191.68853759765625
53.34	192.2607421875
53.36	192.83294677734375
53.38	193.97735595703125
53.4	192.2607421875
53.42	193.4051513671875
53.44	192.83294677734375
53.46	192.83294677734375
53.480000000000004	193.97735595703125
53.5	193.97735595703125
53.52	194.549560546875
53.54	193.97735595703125
53.56	193.97735595703125
53.58	193.97735595703125
53.6	193.97735595703125
53.620000000000005	193.97735595703125
53.64	192.83294677734375
53.660000000000004	192.2607421875
53.68	192.83294677734375
53.7	191.68853759765625
53.72	192.83294677734375
53.74	192.83294677734375
53.76	192.83294677734375
53.78	191.68853759765625
53.800000000000004	191.1163330078125
53.82	190.54412841796875
53.84	190.54412841796875
53.86	191.1163330078125
53.88	191.68853759765625
53.9	191.1163330078125
53.92	190.54412841796875
53.94	191.1163330078125
53.96	191.1163330078125
53.980000000000004	191.68853759765625
54.0	191.1163330078125
54.02	191.68853759765625
54.04	192.2607421875
54.06	191.68853759765625
54.08	191.68853759765625
54.1	191.68853759765625
54.120000000000005	192.2607421875
54.14	190.54412841796875
54.160000000000004	190.54412841796875
54.18	191.1163330078125
54.2	191.68853759765625
54.22	190.54412841796875
54.24	191.1163330078125
54.26	189.39971923828125
54.28	189.971923828125
54.300000000000004	189.971923828125
54.32	191.1163330078125
54.34	189.39971923828125
54.36	190.54412841796875
54.38	190.54412841796875
54.4	190.54412841796875
54.42	191.1163330078125
54.44	190.54412841796875
54.46	191.1163330078125
54.480000000000004	191.68853759765625
54.5	191.1163330078125
54.52	191.1163330078125
54.54	191.1163330078125
54.56	191.68853759765625
54.58	191.1163330078125
54.6	191.1163330078125
54.620000000000005	191.1163330078125
54.64	191.1163330078125
54.660000000000004	191.1163330078125
54.68	188.8275146484375
54.7	189.39971923828125
54.72	189.971923828125
54.74	190.54412841796875
54.76	189.971923828125
54.78	189.39971923828125
54.800000000000004	189.39971923828125
54.82	189.971923828125
54.84	189.971923828125
54.86	189.971923828125
54.88	189.39971923828125
54.9	189.971923828125
54.92	189.971923828125
54.94	189.971923828125
54.96	190.54412841796875
54.980000000000004	190.54412841796875
55.0	191.1163330078125
55.02	191.1163330078125
55.04	191.68853759765625
55.06	191.1163330078125
55.08	191.1163330078125
55.1	192.2607421875
55.120000000000005	191.68853759765625
55.14	190.54412841796875
55.160000000000004	191.1163330078125
55.18	190.54412841796875
55.2	190.54412841796875
55.22	191.1163330078125
55.24	191.68853759765625
55.26	191.68853759765625
55.28	191.1163330078125
55.300000000000004	191.68853759765625
55.32	192.83294677734375
55.34	192.2607421875
55.36	192.83294677734375
55.38	192.83294677734375
55.4	192.83294677734375
55.42	192.2607421875
55.44	192.2607421875
55.46	193.4051513671875
55.480000000000004	193.4051513671875
55.5	193.97735595703125
55.52	193.4051513671875
55.54	192.83294677734375
55.56	192.2607421875
55.58	192.83294677734375
55.6	193.4051513671875
55.620000000000005	191.1163330078125
55.64	191.1163330078125
55.660000000000004	191.68853759765625
55.68	191.1163330078125
55.7	190.54412841796875
55.72	189.971923828125
55.74	191.1163330078125
55.76	191.68853759765625
55.78	191.68853759765625
55.800000000000004	191.1163330078125
55.82	190.54412841796875
55.84	191.68853759765625
55.86	192.2607421875
55.88	191.68853759765625
55.9	191.68853759765625
55.92	192.2607421875
55.94	193.4051513671875
55.96	192.83294677734375
55.980000000000004	192.83294677734375
56.0	194.549560546875
56.02	193.97735595703125
56.04	193.97735595703125
56.06	192.83294677734375
56.08	192.2607421875
56.1	193.4051513671875
56.120000000000005	191.68853759765625
56.14	192.83294677734375
56.160000000000004	192.2607421875
56.18	192.2607421875
56.2	193.4051513671875
56.22	192.83294677734375
56.24	191.68853759765625
56.26	191.68853759765625
56.28	192.83294677734375
56.300000000000004	194.549560546875
56.32	193.4051513671875
56.34	193.4051513671875
56.36	193.4051513671875
56.38	194.549560546875
56.4	193.97735595703125
56.42	194.549560546875
56.44	193.97735595703125
56.46	194.549560546875
56.480000000000004	194.549560546875
56.5	194.549560546875
56.52	195.6939697265625
56.54	193.4051513671875
56.56	195.6939697265625
56.58	195.12176513671875
56.6	193.97735595703125
56.620000000000005	193.97735595703125
56.64	193.4051513671875
56.660000000000004	193.97735595703125
56.68	193.4051513671875
56.7	193.97735595703125
56.72	194.549560546875
56.74	195.12176513671875
56.76	193.97735595703125
56.78	194.549560546875
56.800000000000004	195.12176513671875
56.82	195.12176513671875
56.84	195.6939697265625
56.86	195.12176513671875
56.88	196.26617431640625
56.9	195.6939697265625
56.92	196.26617431640625
56.94	196.83837890625
56.96	195.6939697265625
56.980000000000004	196.83837890625
57.0	196.83837890625
57.02	197.41058349609375
57.04	197.41058349609375
57.06	196.83837890625
57.08	196.83837890625
57.1	196.26617431640625
57.120000000000005	196.26617431640625
57.14	195.6939697265625
57.160000000000004	193.97735595703125
57.18	195.12176513671875
57.2	195.6939697265625
57.22	196.26617431640625
57.24	197.41058349609375
57.26	195.6939697265625
57.28	195.6939697265625
57.300000000000004	196.83837890625
57.32	196.83837890625
57.34	197.9827880859375
57.36	196.83837890625
57.38	195.6939697265625
57.4	196.83837890625
57.42	196.83837890625
57.44	197.9827880859375
57.46	197.9827880859375
57.480000000000004	197.41058349609375
57.5	197.9827880859375
57.52	197.41058349609375
57.54	197.41058349609375
57.56	196.26617431640625
57.58	195.12176513671875
57.6	196.26617431640625
57.620000000000005	196.26617431640625
57.64	197.41058349609375
57.660000000000004	196.26617431640625
57.68	196.83837890625
57.7	198.55499267578125
57.72	199.127197265625
57.74	199.127197265625
57.76	199.127197265625
57.78	198.55499267578125
57.800000000000004	197.9827880859375
57.82	198.55499267578125
57.84	199.69940185546875
57.86	198.55499267578125
57.88	197.41058349609375
57.9	197.9827880859375
57.92	199.127197265625
57.94	197.9827880859375
57.96	199.127197265625
57.980000000000004	197.41058349609375
58.0	199.127197265625
58.02	197.9827880859375
58.04	199.127197265625
58.06	200.2716064453125
58.08	199.127197265625
58.1	198.55499267578125
58.120000000000005	199.69940185546875
58.14	200.84381103515625
58.160000000000004	199.69940185546875
58.18	200.2716064453125
58.2	200.2716064453125
58.22	200.84381103515625
58.24	199.69940185546875
58.26	200.84381103515625
58.28	198.55499267578125
58.300000000000004	199.127197265625
58.32	197.9827880859375
58.34	199.69940185546875
58.36	199.127197265625
58.38	197.9827880859375
58.4	196.83837890625
58.42	198.55499267578125
58.44	200.2716064453125
58.46	199.69940185546875
58.480000000000004	200.2716064453125
58.5	198.55499267578125
58.52	198.55499267578125
58.54	199.127197265625
58.56	199.127197265625
58.58	197.9827880859375
58.6	197.9827880859375
58.620000000000005	197.9827880859375
58.64	199.127197265625
58.660000000000004	199.69940185546875
58.68	199.69940185546875
58.7	200.2716064453125
58.72	200.2716064453125
58.74	199.69940185546875
58.76	199.69940185546875
58.78	199.69940185546875
58.800000000000004	197.41058349609375
58.82	197.41058349609375
58.84	196.83837890625
58.86	197.9827880859375
58.88	197.41058349609375
58.9	196.83837890625
58.92	196.83837890625
58.94	197.41058349609375
58.96	197.9827880859375
58.980000000000004	196.83837890625
59.0	196.83837890625
59.02	196.26617431640625
59.04	197.41058349609375
59.06	197.9827880859375
59.08	197.9827880859375
59.1	198.55499267578125
59.120000000000005	198.55499267578125
59.14	198.55499267578125
59.160000000000004	197.9827880859375
59.18	198.55499267578125
59.2	198.55499267578125
59.22	198.55499267578125
59.24	197.41058349609375
59.26	197.9827880859375
59.28	197.41058349609375
59.300000000000004	195.6939697265625
59.32	195.12176513671875
59.34	195.12176513671875
59.36	196.26617431640625
59.38	195.6939697265625
59.4	195.6939697265625
59.42	194.549560546875
59.44	195.6939697265625
59.46	195.6939697265625
59.480000000000004	195.6939697265625
59.5	195.6939697265625
59.52	195.6939697265625
59.54	196.83837890625
59.56	196.83837890625
59.58	196.26617431640625
59.6	195.6939697265625
59.620000000000005	196.83837890625
59.64	197.41058349609375
59.660000000000004	197.41058349609375
59.68	196.83837890625
59.7	196.26617431640625
59.72	196.26617431640625
59.74	196.83837890625
59.76	195.6939697265625
59.78	196.26617431640625
59.800000000000004	195.6939697265625
59.82	195.12176513671875
59.84	195.12176513671875
59.86	195.12176513671875
59.88	195.6939697265625
59.9	195.6939697265625
59.92	195.12176513671875
59.94	195.12176513671875
59.96	195.12176513671875
59.980000000000004	195.6939697265625
60.0	196.83837890625
60.02	196.83837890625
60.04	197.41058349609375
60.06	197.9827880859375
60.08	197.41058349609375
60.1	197.9827880859375
60.120000000000005	197.9827880859375
60.14	197.41058349609375
60.160000000000004	198.55499267578125
60.18	197.9827880859375
60.2	197.41058349609375
60.22	197.41058349609375
60.24	195.6939697265625
60.26	195.12176513671875
60.28	195.6939697265625
60.300000000000004	195.6939697265625
60.32	195.6939697265625
60.34	195.12176513671875
60.36	195.12176513671875
60.38	195.6939697265625
60.4	196.26617431640625
60.42	195.6939697265625
60.44	196.26617431640625
60.46	196.83837890625
60.480000000000004	195.6939697265625
60.5	196.26617431640625
60.52	196.26617431640625
60.54	196.26617431640625
60.56	197.9827880859375
60.58	197.9827880859375
60.6	197.41058349609375
60.620000000000005	197.41058349609375
60.64	198.55499267578125
60.660000000000004	197.9827880859375
60.68	197.9827880859375
60.7	197.41058349609375
60.72	196.26617431640625
60.74	196.83837890625
60.76	196.83837890625
60.78	196.26617431640625
60.800000000000004	196.83837890625
60.82	197.41058349609375
60.84	196.83837890625
60.86	196.83837890625
60.88	197.41058349609375
60.9	197.41058349609375
60.92	197.41058349609375
60.94	197.41058349609375
60.96	197.9827880859375
60.980000000000004	197.9827880859375
61.0	198.55499267578125
61.02	198.55499267578125
61.04	198.55499267578125
61.06	198.55499267578125
61.08	197.9827880859375
61.1	199.127197265625
61.120000000000005	199.69940185546875
61.14	199.127197265625
61.160000000000004	199.69940185546875
61.18	200.2716064453125
61.2	198.55499267578125
61.22	199.127197265625
61.24	199.127197265625
61.26	196.83837890625
61.28	197.41058349609375
61.300000000000004	197.9827880859375
61.32	197.9827880859375
61.34	197.9827880859375
61.36	197.41058349609375
61.38	196.83837890625
61.4	198.55499267578125
61.42	197.9827880859375
61.44	197.41058349609375
61.46	198.55499267578125
61.480000000000004	196.83837890625
61.5	196.83837890625
61.52	197.41058349609375
61.54	196.83837890625
61.56	196.26617431640625
61.58	196.26617431640625
61.6	197.9827880859375
61.620000000000005	197.9827880859375
61.64	198.55499267578125
61.660000000000004	197.9827880859375
61.68	197.41058349609375
61.7	197.9827880859375
61.72	197.41058349609375
61.74	198.55499267578125
61.76	197.41058349609375
61.78	196.83837890625
61.800000000000004	197.41058349609375
61.82	197.41058349609375
61.84	196.26617431640625
61.86	196.26617431640625
61.88	195.6939697265625
61.9	195.6939697265625
61.92	195.6939697265625
61.940000000000005	196.26617431640625
61.96	196.26617431640625
61.980000000000004	197.41058349609375
62.0	197.41058349609375
62.02	196.26617431640625
62.04	196.83837890625
62.06	195.12176513671875
62.08	195.6939697265625
62.1	196.83837890625
62.120000000000005	197.41058349609375
62.14	196.83837890625
62.160000000000004	196.83837890625
62.18	196.26617431640625
62.2	195.6939697265625
62.22	196.26617431640625
62.24	196.26617431640625
62.26	196.26617431640625
62.28	195.12176513671875
62.300000000000004	195.12176513671875
62.32	195.6939697265625
62.34	195.6939697265625
62.36	195.6939697265625
62.38	194.549560546875
62.4	195.6939697265625
62.42	195.12176513671875
62.440000000000005	196.26617431640625
62.46	195.6939697265625
62.480000000000004	195.12176513671875
62.5	195.12176513671875
62.52	195.6939697265625
62.54	196.26617431640625
62.56	195.12176513671875
62.58	195.12176513671875
62.6	196.26617431640625
62.620000000000005	196.26617431640625
62.64	196.26617431640625
62.660000000000004	195.12176513671875
62.68	196.83837890625
62.7	195.12176513671875
62.72	196.83837890625
62.74	196.26617431640625
62.76	197.41058349609375
62.78	195.12176513671875
62.800000000000004	195.12176513671875
62.82	195.6939697265625
62.84	195.6939697265625
62.86	195.12176513671875
62.88	195.12176513671875
62.9	195.12176513671875
62.92	195.12176513671875
62.940000000000005	196.26617431640625
62.96	195.12176513671875
62.980000000000004	196.83837890625
63.0	195.6939697265625
63.02	195.12176513671875
63.04	195.12176513671875
63.06	195.6939697265625
63.08	195.6939697265625
63.1	195.12176513671875
63.120000000000005	196.83837890625
63.14	196.26617431640625
63.160000000000004	197.41058349609375
63.18	196.83837890625
63.2	196.26617431640625
63.22	196.26617431640625
63.24	196.26617431640625
63.26	196.26617431640625
63.28	195.6939697265625
63.300000000000004	194.549560546875
63.32	194.549560546875
63.34	194.549560546875
63.36	195.12176513671875
63.38	195.12176513671875
63.4	193.97735595703125
63.42	194.549560546875
63.440000000000005	195.12176513671875
63.46	195.12176513671875
63.480000000000004	195.12176513671875
63.5	194.549560546875
63.52	195.12176513671875
63.54	195.12176513671875
63.56	195.6939697265625
63.58	195.12176513671875
63.6	196.26617431640625
63.620000000000005	196.83837890625
63.64	197.41058349609375
63.660000000000004	196.83837890625
63.68	196.26617431640625
63.7	196.26617431640625
63.72	196.26617431640625
63.74	196.83837890625
63.76	196.26617431640625
63.78	196.26617431640625
63.800000000000004	195.12176513671875
63.82	195.6939697265625
63.84	195.6939697265625
63.86	195.6939697265625
63.88	195.6939697265625
63.9	194.549560546875
63.92	196.26617431640625
63.940000000000005	195.6939697265625
63.96	194.549560546875
63.980000000000004	196.26617431640625
64.0	195.12176513671875
64.02	195.6939697265625
64.04	195.6939697265625
64.06	195.12176513671875
64.08	195.12176513671875
64.1	195.6939697265625
64.12	195.6939697265625
64.14	196.26617431640625
64.16	196.26617431640625
64.18	196.26617431640625
64.2	196.26617431640625
64.22	193.97735595703125
64.24	193.97735595703125
64.26	194.549560546875
64.28	193.97735595703125
64.3	193.4051513671875
64.32000000000001	194.549560546875
64.34	194.549560546875
64.36	194.549560546875
64.38	193.97735595703125
64.4	193.4051513671875
64.42	193.97735595703125
64.44	193.97735595703125
64.46000000000001	194.549560546875
64.48	195.12176513671875
64.5	193.4051513671875
64.52	193.4051513671875
64.54	193.97735595703125
64.56	195.12176513671875
64.58	195.12176513671875
64.6	193.97735595703125
64.62	194.549560546875
64.64	195.12176513671875
64.66	195.6939697265625
64.68	195.6939697265625
64.7	194.549560546875
64.72	196.26617431640625
64.74	194.549560546875
64.76	194.549560546875
64.78	194.549560546875
64.8	194.549560546875
64.82000000000001	195.12176513671875
64.84	195.12176513671875
64.86	195.12176513671875
64.88	195.12176513671875
64.9	195.12176513671875
64.92	195.12176513671875
64.94	194.549560546875
64.96000000000001	195.6939697265625
64.98	195.6939697265625
65.0	195.6939697265625
65.02	194.549560546875
65.04	195.12176513671875
65.06	195.6939697265625
65.08	195.6939697265625
65.1	195.12176513671875
65.12	195.6939697265625
65.14	194.549560546875
65.16	195.6939697265625
65.18	195.6939697265625
65.2	197.41058349609375
65.22	193.97735595703125
65.24	193.97735595703125
65.26	194.549560546875
65.28	194.549560546875
65.3	193.97735595703125
65.32000000000001	194.549560546875
65.34	193.4051513671875
65.36	193.4051513671875
65.38	193.97735595703125
65.4	192.83294677734375
65.42	193.97735595703125
65.44	192.83294677734375
65.46000000000001	193.4051513671875
65.48	192.83294677734375
65.5	193.4051513671875
65.52	193.4051513671875
65.54	192.83294677734375
65.56	194.549560546875
65.58	193.4051513671875
65.6	193.97735595703125
65.62	192.2607421875
65.64	193.4051513671875
65.66	193.4051513671875
65.68	194.549560546875
65.7	194.549560546875
65.72	193.4051513671875
65.74	192.2607421875
65.76	193.4051513671875
65.78	192.83294677734375
65.8	192.2607421875
65.82000000000001	192.83294677734375
65.84	192.83294677734375
65.86	193.4051513671875
65.88	191.68853759765625
65.9	192.2607421875
65.92	193.4051513671875
65.94	192.83294677734375
65.96000000000001	193.97735595703125
65.98	192.2607421875
66.0	193.4051513671875
66.02	192.2607421875
66.04	192.2607421875
66.06	192.83294677734375
66.08	193.4051513671875
66.1	192.83294677734375
66.12	192.2607421875
66.14	192.2607421875
66.16	193.4051513671875
66.18	193.97735595703125
66.2	193.4051513671875
66.22	192.83294677734375
66.24	192.2607421875
66.26	192.83294677734375
66.28	192.83294677734375
66.3	192.83294677734375
66.32000000000001	192.2607421875
66.34	191.68853759765625
66.36	192.2607421875
66.38	193.4051513671875
66.4	192.2607421875
66.42	193.4051513671875
66.44	193.4051513671875
66.46000000000001	192.83294677734375
66.48	192.2607421875
66.5	193.4051513671875
66.52	192.2607421875
66.54	192.2607421875
66.56	193.4051513671875
66.58	193.97735595703125
66.6	194.549560546875
66.62	193.97735595703125
66.64	193.97735595703125
66.66	192.83294677734375
66.68	192.83294677734375
66.7	193.97735595703125
66.72	193.4051513671875
66.74	191.1163330078125
66.76	191.1163330078125
66.78	191.68853759765625
66.8	192.2607421875
66.82000000000001	192.2607421875
66.84	191.68853759765625
66.86	191.68853759765625
66.88	192.2607421875
66.9	193.97735595703125
66.92	193.97735595703125
66.94	193.4051513671875
66.96000000000001	193.97735595703125
66.98	194.549560546875
67.0	193.97735595703125
67.02	193.97735595703125
67.04	192.2607421875
67.06	192.2607421875
67.08	192.83294677734375
67.1	193.4051513671875
67.12	193.97735595703125
67.14	193.4051513671875
67.16	193.97735595703125
67.18	195.12176513671875
67.2	195.12176513671875
67.22	195.12176513671875
67.24	193.97735595703125
67.26	193.4051513671875
67.28	193.4051513671875
67.3	193.97735595703125
67.32000000000001	195.6939697265625
67.34	194.549560546875
67.36	194.549560546875
67.38	195.6939697265625
67.4	195.6939697265625
67.42	195.6939697265625
67.44	195.12176513671875
67.46000000000001	195.6939697265625
67.48	194.549560546875
67.5	194.549560546875
67.52	194.549560546875
67.54	193.97735595703125
67.56	196.26617431640625
67.58	195.12176513671875
67.6	194.549560546875
67.62	196.26617431640625
67.64	196.26617431640625
67.66	195.12176513671875
67.68	195.12176513671875
67.7	194.549560546875
67.72	196.26617431640625
67.74	195.12176513671875
67.76	193.97735595703125
67.78	193.4051513671875
67.8	194.549560546875
67.82000000000001	195.12176513671875
67.84	195.12176513671875
67.86	195.12176513671875
67.88	195.6939697265625
67.9	196.83837890625
67.92	196.26617431640625
67.94	196.83837890625
67.96000000000001	196.26617431640625
67.98	196.83837890625
68.0	194.549560546875
68.02	194.549560546875
68.04	195.12176513671875
68.06	196.26617431640625
68.08	194.549560546875
68.1	193.4051513671875
68.12	194.549560546875
68.14	193.97735595703125
68.16	195.12176513671875
68.18	194.549560546875
68.2	194.549560546875
68.22	194.549560546875
68.24	193.97735595703125
68.26	194.549560546875
68.28	193.97735595703125
68.3	193.97735595703125
68.32000000000001	193.97735595703125
68.34	194.549560546875
68.36	193.97735595703125
68.38	193.97735595703125
68.4	195.12176513671875
68.42	195.6939697265625
68.44	195.12176513671875
68.46000000000001	193.97735595703125
68.48	194.549560546875
68.5	193.4051513671875
68.52	192.83294677734375
68.54	193.4051513671875
68.56	193.97735595703125
68.58	193.97735595703125
68.60000000000001	194.549560546875
68.62	194.549560546875
68.64	194.549560546875
68.66	194.549560546875
68.68	193.97735595703125
68.7	194.549560546875
68.72	194.549560546875
68.74	193.4051513671875
68.76	194.549560546875
68.78	193.97735595703125
68.8	193.4051513671875
68.82000000000001	193.4051513671875
68.84	193.4051513671875
68.86	193.4051513671875
68.88	193.4051513671875
68.9	193.97735595703125
68.92	193.97735595703125
68.94	193.97735595703125
68.96000000000001	194.549560546875
68.98	195.12176513671875
69.0	193.4051513671875
69.02	193.4051513671875
69.04	193.4051513671875
69.06	193.4051513671875
69.08	193.97735595703125
69.10000000000001	192.83294677734375
69.12	192.83294677734375
69.14	193.97735595703125
69.16	194.549560546875
69.18	193.4051513671875
69.2	193.4051513671875
69.22	193.97735595703125
69.24	193.4051513671875
69.26	193.4051513671875
69.28	193.4051513671875
69.3	192.83294677734375
69.32000000000001	193.4051513671875
69.34	193.97735595703125
69.36	193.4051513671875
69.38	192.83294677734375
69.4	192.83294677734375
69.42	192.2607421875
69.44	192.83294677734375
69.46000000000001	193.97735595703125
69.48	193.4051513671875
69.5	193.97735595703125
69.52	192.83294677734375
69.54	193.97735595703125
69.56	192.83294677734375
69.58	192.83294677734375
69.60000000000001	195.12176513671875
69.62	193.97735595703125
69.64	195.12176513671875
69.66	195.12176513671875
69.68	194.549560546875
69.7	194.549560546875
69.72	194.549560546875
69.74	193.97735595703125
69.76	192.83294677734375
69.78	193.4051513671875
69.8	193.97735595703125
69.82000000000001	193.4051513671875
69.84	193.4051513671875
69.86	193.4051513671875
69.88	193.97735595703125
69.9	193.97735595703125
69.92	192.83294677734375
69.94	193.97735595703125
69.96000000000001	193.97735595703125
69.98	193.4051513671875
70.0	193.97735595703125
70.02	193.4051513671875
70.04	192.83294677734375
70.06	192.83294677734375
70.08	192.2607421875
70.10000000000001	192.83294677734375
70.12	192.83294677734375
70.14	194.549560546875
70.16	192.83294677734375
70.18	193.97735595703125
70.2	193.97735595703125
70.22	193.4051513671875
70.24	193.4051513671875
70.26	192.83294677734375
70.28	193.97735595703125
70.3	193.97735595703125
70.32000000000001	193.97735595703125
70.34	193.97735595703125
70.36	194.549560546875
70.38	195.6939697265625
70.4	195.6939697265625
70.42	195.6939697265625
70.44	196.26617431640625
70.46000000000001	196.26617431640625
70.48	196.26617431640625
70.5	196.83837890625
70.52	197.41058349609375
70.54	196.26617431640625
70.56	195.12176513671875
70.58	195.6939697265625
70.60000000000001	196.26617431640625
70.62	196.83837890625
70.64	197.41058349609375
70.66	196.83837890625
70.68	197.41058349609375
70.7	197.41058349609375
70.72	197.41058349609375
70.74	196.83837890625
70.76	195.6939697265625
70.78	195.6939697265625
70.8	196.83837890625
70.82000000000001	196.83837890625
70.84	196.26617431640625
70.86	196.26617431640625
70.88	197.41058349609375
70.9	197.41058349609375
70.92	196.83837890625
70.94	196.26617431640625
70.96000000000001	196.83837890625
70.98	196.26617431640625
71.0	197.41058349609375
71.02	195.6939697265625
71.04	197.41058349609375
71.06	195.12176513671875
71.08	195.12176513671875
71.10000000000001	195.12176513671875
71.12	195.6939697265625
71.14	195.12176513671875
71.16	195.6939697265625
71.18	195.12176513671875
71.2	194.549560546875
71.22	195.6939697265625
71.24	195.12176513671875
71.26	194.549560546875
71.28	193.97735595703125
71.3	194.549560546875
71.32000000000001	195.12176513671875
71.34	195.12176513671875
71.36	193.97735595703125
71.38	194.549560546875
71.4	194.549560546875
71.42	194.549560546875
71.44	193.97735595703125
71.46000000000001	195.12176513671875
71.48	193.4051513671875
71.5	193.97735595703125
71.52	195.12176513671875
71.54	194.549560546875
71.56	193.97735595703125
71.58	193.4051513671875
71.60000000000001	192.83294677734375
71.62	194.549560546875
71.64	193.97735595703125
71.66	194.549560546875
71.68	196.26617431640625
71.7	193.97735595703125
71.72	195.12176513671875
71.74	193.97735595703125
71.76	193.97735595703125
71.78	194.549560546875
71.8	193.4051513671875
71.82000000000001	193.97735595703125
71.84	194.549560546875
71.86	193.97735595703125
71.88	194.549560546875
71.9	194.549560546875
71.92	194.549560546875
71.94	194.549560546875
71.96000000000001	195.12176513671875
71.98	193.97735595703125
72.0	193.4051513671875
72.02	193.97735595703125
72.04	195.12176513671875
72.06	193.4051513671875
72.08	193.4051513671875
72.10000000000001	193.4051513671875
72.12	194.549560546875
72.14	193.97735595703125
72.16	193.97735595703125
72.18	193.97735595703125
72.2	192.83294677734375
72.22	192.83294677734375
72.24	193.97735595703125
72.26	193.4051513671875
72.28	192.83294677734375
72.3	193.97735595703125
72.32000000000001	193.97735595703125
72.34	194.549560546875
72.36	193.97735595703125
72.38	192.83294677734375
72.4	195.12176513671875
72.42	195.12176513671875
72.44	193.97735595703125
72.46000000000001	194.549560546875
72.48	195.12176513671875
72.5	195.12176513671875
72.52	196.26617431640625
72.54	195.6939697265625
72.56	195.12176513671875
72.58	195.12176513671875
72.60000000000001	195.12176513671875
72.62	196.26617431640625
72.64	194.549560546875
72.66	195.12176513671875
72.68	194.549560546875
72.7	195.6939697265625
72.72	193.97735595703125
72.74	194.549560546875
72.76	195.12176513671875
72.78	193.97735595703125
72.8	193.4051513671875
72.82000000000001	193.4051513671875
72.84	193.97735595703125
72.86	193.97735595703125
72.88	195.12176513671875
72.9	194.549560546875
72.92	195.12176513671875
72.94	192.83294677734375
72.96000000000001	193.97735595703125
72.98	193.97735595703125
73.0	193.97735595703125
73.02	193.97735595703125
73.04	193.4051513671875
73.06	193.97735595703125
73.08	192.83294677734375
73.10000000000001	192.83294677734375
73.12	194.549560546875
73.14	193.4051513671875
73.16	193.4051513671875
73.18	194.549560546875
73.2	194.549560546875
73.22	193.4051513671875
73.24	193.4051513671875
73.26	193.97735595703125
73.28	193.97735595703125
73.3	194.549560546875
73.32000000000001	195.12176513671875
73.34	195.12176513671875
73.36	193.97735595703125
73.38	194.549560546875
73.4	195.6939697265625
73.42	195.12176513671875
73.44	195.6939697265625
73.46000000000001	196.26617431640625
73.48	195.12176513671875
73.5	196.26617431640625
73.52	195.12176513671875
73.54	195.12176513671875
73.56	195.12176513671875
73.58	195.12176513671875
73.60000000000001	195.12176513671875
73.62	196.26617431640625
73.64	195.6939697265625
73.66	193.97735595703125
73.68	193.97735595703125
73.7	195.6939697265625
73.72	195.6939697265625
73.74	194.549560546875
73.76	193.4051513671875
73.78	194.549560546875
73.8	194.549560546875
73.82000000000001	195.12176513671875
73.84	194.549560546875
73.86	193.4051513671875
73.88	195.12176513671875
73.9	196.26617431640625
73.92	195.12176513671875
73.94	195.6939697265625
73.96000000000001	195.6939697265625
73.98	194.549560546875
74.0	195.12176513671875
74.02	195.12176513671875
74.04	195.12176513671875
74.06	193.97735595703125
74.08	193.97735595703125
74.10000000000001	193.97735595703125
74.12	194.549560546875
74.14	194.549560546875
74.16	194.549560546875
74.18	193.4051513671875
74.2	194.549560546875
74.22	195.12176513671875
74.24	194.549560546875
74.26	193.97735595703125
74.28	192.83294677734375
74.3	192.83294677734375
74.32000000000001	192.2607421875
74.34	192.83294677734375
74.36	192.83294677734375
74.38	192.2607421875
74.4	191.1163330078125
74.42	192.2607421875
74.44	193.4051513671875
74.46000000000001	193.4051513671875
74.48	193.4051513671875
74.5	192.2607421875
74.52	192.83294677734375
74.54	191.68853759765625
74.56	192.2607421875
74.58	191.68853759765625
74.60000000000001	192.2607421875
74.62	191.68853759765625
74.64	192.2607421875
74.66	192.83294677734375
74.68	193.97735595703125
74.7	192.83294677734375
74.72	193.4051513671875
74.74	193.4051513671875
74.76	193.4051513671875
74.78	193.4051513671875
74.8	192.83294677734375
74.82000000000001	193.4051513671875
74.84	192.83294677734375
74.86	192.2607421875
74.88	191.68853759765625
74.9	192.83294677734375
74.92	192.2607421875
74.94	191.1163330078125
74.96000000000001	192.2607421875
74.98	193.4051513671875
75.0	193.4051513671875
75.02	192.83294677734375
75.04	192.2607421875
75.06	192.2607421875
75.08	193.4051513671875
75.10000000000001	192.2607421875
75.12	191.68853759765625
75.14	192.2607421875
75.16	192.83294677734375
75.18	192.2607421875
75.2	192.2607421875
75.22	191.1163330078125
75.24	191.68853759765625
75.26	192.83294677734375
75.28	191.68853759765625
75.3	192.2607421875
75.32000000000001	191.68853759765625
75.34	191.68853759765625
75.36	191.68853759765625
75.38	191.68853759765625
75.4	191.1163330078125
75.42	191.68853759765625
75.44	190.54412841796875
75.46000000000001	190.54412841796875
75.48	191.1163330078125
75.5	191.1163330078125
75.52	191.68853759765625
75.54	191.1163330078125
75.56	191.68853759765625
75.58	191.68853759765625
75.60000000000001	191.68853759765625
75.62	191.68853759765625
75.64	191.68853759765625
75.66	190.54412841796875
75.68	192.2607421875
75.7	191.68853759765625
75.72	192.2607421875
75.74	191.1163330078125
75.76	191.68853759765625
75.78	192.2607421875
75.8	192.2607421875
75.82000000000001	191.68853759765625
75.84	191.1163330078125
75.86	190.54412841796875
75.88	190.54412841796875
75.9	191.68853759765625
75.92	191.1163330078125
75.94	191.1163330078125
75.96000000000001	190.54412841796875
75.98	190.54412841796875
76.0	192.2607421875
76.02	192.2607421875
76.04	191.1163330078125
76.06	192.2607421875
76.08	191.1163330078125
76.10000000000001	191.68853759765625
76.12	190.54412841796875
76.14	189.971923828125
76.16	190.54412841796875
76.18	191.68853759765625
76.2	191.1163330078125
76.22	191.1163330078125
76.24	190.54412841796875
76.26	189.39971923828125
76.28	190.54412841796875
76.3	191.1163330078125
76.32000000000001	189.971923828125
76.34	189.39971923828125
76.36	189.971923828125
76.38	189.39971923828125
76.4	190.54412841796875
76.42	191.1163330078125
76.44	190.54412841796875
76.46000000000001	189.39971923828125
76.48	189.971923828125
76.5	189.971923828125
76.52	191.1163330078125
76.54	188.8275146484375
76.56	189.39971923828125
76.58	189.971923828125
76.60000000000001	189.971923828125
76.62	190.54412841796875
76.64	190.54412841796875
76.66	188.8275146484375
76.68	189.971923828125
76.7	190.54412841796875
76.72	191.1163330078125
76.74	190.54412841796875
76.76	189.971923828125
76.78	189.971923828125
76.8	189.39971923828125
76.82000000000001	189.971923828125
76.84	189.971923828125
76.86	187.68310546875
76.88	188.25531005859375
76.9	188.25531005859375
76.92	188.25531005859375
76.94	187.68310546875
76.96000000000001	186.5386962890625
76.98	187.68310546875
77.0	188.25531005859375
77.02	187.68310546875
77.04	187.68310546875
77.06	186.5386962890625
77.08	188.8275146484375
77.10000000000001	188.25531005859375
77.12	187.68310546875
77.14	188.25531005859375
77.16	187.11090087890625
77.18	187.68310546875
77.2	188.8275146484375
77.22	189.39971923828125
77.24	188.8275146484375
77.26	188.8275146484375
77.28	188.8275146484375
77.3	188.25531005859375
77.32000000000001	188.25531005859375
77.34	186.5386962890625
77.36	186.5386962890625
77.38	187.11090087890625
77.4	187.11090087890625
77.42	187.68310546875
77.44	188.25531005859375
77.46000000000001	187.68310546875
77.48	187.11090087890625
77.5	187.11090087890625
77.52	187.68310546875
77.54	187.68310546875
77.56	187.68310546875
77.58	187.68310546875
77.60000000000001	188.25531005859375
77.62	189.39971923828125
77.64	188.8275146484375
77.66	188.25531005859375
77.68	188.8275146484375
77.7	188.8275146484375
77.72	189.971923828125
77.74	188.25531005859375
77.76	189.971923828125
77.78	188.8275146484375
77.8	187.68310546875
77.82000000000001	187.68310546875
77.84	188.25531005859375
77.86	188.25531005859375
77.88	187.68310546875
77.9	187.11090087890625
77.92	187.11090087890625
77.94	188.25531005859375
77.96000000000001	188.25531005859375
77.98	187.68310546875
78.0	187.11090087890625
78.02	188.25531005859375
78.04	188.8275146484375
78.06	188.25531005859375
78.08	187.68310546875
78.10000000000001	188.25531005859375
78.12	188.8275146484375
78.14	188.8275146484375
78.16	188.25531005859375
78.18	188.8275146484375
78.2	189.39971923828125
78.22	188.25531005859375
78.24	188.25531005859375
78.26	188.8275146484375
78.28	188.8275146484375
78.3	187.68310546875
78.32000000000001	187.11090087890625
78.34	187.11090087890625
78.36	187.68310546875
78.38	187.68310546875
78.4	187.68310546875
78.42	187.68310546875
78.44	187.68310546875
78.46000000000001	188.25531005859375
78.48	187.11090087890625
78.5	188.25531005859375
78.52	187.11090087890625
78.54	188.25531005859375
78.56	188.8275146484375
78.58	188.25531005859375
78.60000000000001	187.68310546875
78.62	188.25531005859375
78.64	189.39971923828125
78.66	188.8275146484375
78.68	189.39971923828125
78.7	188.8275146484375
78.72	189.971923828125
78.74	188.8275146484375
78.76	189.971923828125
78.78	188.25531005859375
78.8	188.25531005859375
78.82000000000001	187.11090087890625
78.84	187.68310546875
78.86	187.68310546875
78.88	188.8275146484375
78.9	188.25531005859375
78.92	187.68310546875
78.94	188.25531005859375
78.96000000000001	189.39971923828125
78.98	188.8275146484375
79.0	188.8275146484375
79.02	189.971923828125
79.04	187.68310546875
79.06	188.25531005859375
79.08	188.25531005859375
79.10000000000001	188.8275146484375
79.12	189.39971923828125
79.14	189.971923828125
79.16	189.971923828125
79.18	189.39971923828125
79.2	189.39971923828125
79.22	188.25531005859375
79.24	189.971923828125
79.26	188.8275146484375
79.28	188.8275146484375
79.3	189.39971923828125
79.32000000000001	188.25531005859375
79.34	188.25531005859375
79.36	189.39971923828125
79.38	189.39971923828125
79.4	189.39971923828125
79.42	188.8275146484375
79.44	189.39971923828125
79.46000000000001	189.39971923828125
79.48	189.39971923828125
79.5	191.1163330078125
79.52	191.68853759765625
79.54	189.971923828125
79.56	190.54412841796875
79.58	190.54412841796875
79.60000000000001	189.971923828125
79.62	189.39971923828125
79.64	189.971923828125
79.66	191.68853759765625
79.68	189.39971923828125
79.7	189.971923828125
79.72	190.54412841796875
79.74	191.1163330078125
79.76	189.39971923828125
79.78	189.39971923828125
79.8	189.39971923828125
79.82000000000001	190.54412841796875
79.84	189.39971923828125
79.86	188.8275146484375
79.88	190.54412841796875
79.9	189.971923828125
79.92	191.1163330078125
79.94	189.971923828125
79.96000000000001	189.971923828125
79.98	191.68853759765625
80.0	191.68853759765625
80.02	192.2607421875
80.04	190.54412841796875
80.06	189.971923828125
80.08	189.971923828125
80.10000000000001	191.1163330078125
80.12	191.68853759765625
80.14	191.68853759765625
80.16	192.2607421875
80.18	189.971923828125
80.2	189.971923828125
80.22	191.1163330078125
80.24	190.54412841796875
80.26	189.971923828125
80.28	189.971923828125
80.3	189.971923828125
80.32000000000001	190.54412841796875
80.34	191.1163330078125
80.36	189.39971923828125
80.38	189.971923828125
80.4	190.54412841796875
80.42	189.971923828125
80.44	190.54412841796875
80.46000000000001	190.54412841796875
80.48	189.971923828125
80.5	190.54412841796875
80.52	191.1163330078125
80.54	191.1163330078125
80.56	189.39971923828125
80.58	189.971923828125
80.60000000000001	189.971923828125
80.62	190.54412841796875
80.64	189.971923828125
80.66	190.54412841796875
80.68	191.1163330078125
80.7	189.39971923828125
80.72	189.39971923828125
80.74	191.68853759765625
80.76	189.971923828125
80.78	188.8275146484375
80.8	188.8275146484375
80.82000000000001	188.25531005859375
80.84	189.39971923828125
80.86	188.8275146484375
80.88	188.8275146484375
80.9	188.8275146484375
80.92	188.8275146484375
80.94	188.8275146484375
80.96000000000001	189.39971923828125
80.98	188.25531005859375
81.0	188.8275146484375
81.02	189.39971923828125
81.04	189.39971923828125
81.06	188.25531005859375
81.08	188.25531005859375
81.10000000000001	188.25531005859375
81.12	188.25531005859375
81.14	188.8275146484375
81.16	189.971923828125
81.18	189.39971923828125
81.2	189.39971923828125
81.22	188.25531005859375
81.24	188.25531005859375
81.26	189.39971923828125
81.28	188.25531005859375
81.3	188.8275146484375
81.32000000000001	188.25531005859375
81.34	188.25531005859375
81.36	188.25531005859375
81.38	188.8275146484375
81.4	188.25531005859375
81.42	187.68310546875
81.44	188.8275146484375
81.46000000000001	188.8275146484375
81.48	189.971923828125
81.5	189.39971923828125
81.52	189.971923828125
81.54	189.971923828125
81.56	189.39971923828125
81.58	189.971923828125
81.60000000000001	190.54412841796875
81.62	191.1163330078125
81.64	189.39971923828125
81.66	189.971923828125
81.68	189.971923828125
81.7	189.39971923828125
81.72	188.25531005859375
81.74	189.971923828125
81.76	189.971923828125
81.78	189.39971923828125
81.8	188.8275146484375
81.82000000000001	188.25531005859375
81.84	188.8275146484375
81.86	189.39971923828125
81.88	188.8275146484375
81.9	188.8275146484375
81.92	188.8275146484375
81.94	189.971923828125
81.96000000000001	190.54412841796875
81.98	189.971923828125
82.0	191.1163330078125
82.02	191.1163330078125
82.04	190.54412841796875
82.06	190.54412841796875
82.08	191.1163330078125
82.10000000000001	189.971923828125
82.12	190.54412841796875
82.14	190.54412841796875
82.16	189.971923828125
82.18	189.971923828125
82.2	190.54412841796875
82.22	189.39971923828125
82.24	189.39971923828125
82.26	189.39971923828125
82.28	189.39971923828125
82.3	189.39971923828125
82.32000000000001	188.8275146484375
82.34	188.8275146484375
82.36	189.971923828125
82.38	188.8275146484375
82.4	189.39971923828125
82.42	189.39971923828125
82.44	189.971923828125
82.46000000000001	191.1163330078125
82.48	189.39971923828125
82.5	189.971923828125
82.52	190.54412841796875
82.54	190.54412841796875
82.56	189.971923828125
82.58	191.68853759765625
82.60000000000001	189.971923828125
82.62	190.54412841796875
82.64	191.1163330078125
82.66	189.971923828125
82.68	189.971923828125
82.7	189.39971923828125
82.72	189.971923828125
82.74	189.39971923828125
82.76	191.1163330078125
82.78	189.971923828125
82.8	189.39971923828125
82.82000000000001	189.39971923828125
82.84	189.971923828125
82.86	189.971923828125
82.88	190.54412841796875
82.9	190.54412841796875
82.92	189.971923828125
82.94	190.54412841796875
82.96000000000001	191.1163330078125
82.98	189.971923828125
83.0	189.39971923828125
83.02	191.1163330078125
83.04	191.68853759765625
83.06	191.1163330078125
83.08	191.1163330078125
83.10000000000001	190.54412841796875
83.12	190.54412841796875
83.14	188.8275146484375
83.16	190.54412841796875
83.18	189.971923828125
83.2	190.54412841796875
83.22	189.39971923828125
83.24	188.8275146484375
83.26	188.8275146484375
83.28	189.39971923828125
83.3	189.39971923828125
83.32000000000001	189.39971923828125
83.34	188.8275146484375
83.36	189.971923828125
83.38	189.971923828125
83.4	189.971923828125
83.42	189.39971923828125
83.44	189.971923828125
83.46000000000001	189.39971923828125
83.48	189.39971923828125
83.5	190.54412841796875
83.52	191.1163330078125
83.54	191.1163330078125
83.56	191.68853759765625
83.58	191.1163330078125
83.60000000000001	190.54412841796875
83.62	190.54412841796875
83.64	189.971923828125
83.66	190.54412841796875
83.68	190.54412841796875
83.7	189.971923828125
83.72	189.971923828125
83.74	189.39971923828125
83.76	189.971923828125
83.78	189.39971923828125
83.8	189.39971923828125
83.82000000000001	189.971923828125
83.84	188.8275146484375
83.86	188.8275146484375
83.88	188.25531005859375
83.9	189.971923828125
83.92	189.971923828125
83.94	189.971923828125
83.96000000000001	190.54412841796875
83.98	190.54412841796875
84.0	191.68853759765625
84.02	191.68853759765625
84.04	191.1163330078125
84.06	191.1163330078125
84.08	190.54412841796875
84.10000000000001	191.68853759765625
84.12	190.54412841796875
84.14	191.1163330078125
84.16	189.971923828125
84.18	190.54412841796875
84.2	189.971923828125
84.22	190.54412841796875
84.24	191.1163330078125
84.26	192.2607421875
84.28	191.1163330078125
84.3	191.1163330078125
84.32000000000001	191.68853759765625
84.34	192.2607421875
84.36	191.68853759765625
84.38	191.1163330078125
84.4	191.1163330078125
84.42	191.68853759765625
84.44	191.68853759765625
84.46000000000001	192.2607421875
84.48	191.1163330078125
84.5	191.1163330078125
84.52	191.68853759765625
84.54	191.68853759765625
84.56	192.2607421875
84.58	192.2607421875
84.60000000000001	190.54412841796875
84.62	191.68853759765625
84.64	191.68853759765625
84.66	191.68853759765625
84.68	192.83294677734375
84.7	189.971923828125
84.72	191.1163330078125
84.74	190.54412841796875
84.76	191.1163330078125
84.78	191.1163330078125
84.8	191.1163330078125
84.82000000000001	189.971923828125
84.84	190.54412841796875
84.86	190.54412841796875
84.88	190.54412841796875
84.9	190.54412841796875
84.92	189.971923828125
84.94	190.54412841796875
84.96000000000001	190.54412841796875
84.98	191.1163330078125
85.0	190.54412841796875
85.02	191.1163330078125
85.04	191.1163330078125
85.06	191.68853759765625
85.08	189.971923828125
85.10000000000001	189.39971923828125
85.12	188.8275146484375
85.14	189.39971923828125
85.16	189.39971923828125
85.18	189.39971923828125
85.2	188.25531005859375
85.22	188.25531005859375
85.24	188.8275146484375
85.26	188.8275146484375
85.28	189.39971923828125
85.3	189.39971923828125
85.32000000000001	187.68310546875
85.34	188.25531005859375
85.36	189.971923828125
85.38	188.8275146484375
85.4	188.25531005859375
85.42	189.39971923828125
85.44	190.54412841796875
85.46000000000001	191.1163330078125
85.48	189.971923828125
85.5	189.971923828125
85.52	190.54412841796875
85.54	190.54412841796875
85.56	189.971923828125
85.58	189.971923828125
85.60000000000001	190.54412841796875
85.62	189.39971923828125
85.64	189.39971923828125
85.66	188.8275146484375
85.68	190.54412841796875
85.7	189.39971923828125
85.72	189.39971923828125
85.74	188.8275146484375
85.76	189.971923828125
85.78	190.54412841796875
85.8	189.971923828125
85.82000000000001	191.1163330078125
85.84	192.2607421875
85.86	191.68853759765625
85.88	191.1163330078125
85.9	191.1163330078125
85.92	190.54412841796875
85.94	191.68853759765625
85.96000000000001	191.1163330078125
85.98	192.2607421875
86.0	192.2607421875
86.02	192.83294677734375
86.04	192.2607421875
86.06	192.83294677734375
86.08	191.68853759765625
86.10000000000001	191.68853759765625
86.12	191.68853759765625
86.14	191.1163330078125
86.16	191.1163330078125
86.18	191.68853759765625
86.2	191.1163330078125
86.22	190.54412841796875
86.24	190.54412841796875
86.26	192.2607421875
86.28	192.2607421875
86.3	192.2607421875
86.32000000000001	192.2607421875
86.34	191.68853759765625
86.36	191.68853759765625
86.38	192.2607421875
86.4	191.68853759765625
86.42	192.83294677734375
86.44	192.83294677734375
86.46000000000001	193.4051513671875
86.48	192.83294677734375
86.5	192.83294677734375
86.52	191.68853759765625
86.54	192.2607421875
86.56	191.68853759765625
86.58	192.83294677734375
86.60000000000001	192.2607421875
86.62	192.83294677734375
86.64	193.4051513671875
86.66	192.83294677734375
86.68	192.83294677734375
86.7	191.68853759765625
86.72	191.1163330078125
86.74	191.68853759765625
86.76	191.68853759765625
86.78	191.1163330078125
86.8	191.1163330078125
86.82000000000001	191.68853759765625
86.84	192.2607421875
86.86	192.2607421875
86.88	191.68853759765625
86.9	193.4051513671875
86.92	191.68853759765625
86.94	192.83294677734375
86.96000000000001	193.97735595703125
86.98	192.83294677734375
87.0	192.2607421875
87.02	192.2607421875
87.04	191.1163330078125
87.06	192.2607421875
87.08	191.68853759765625
87.10000000000001	192.2607421875
87.12	193.4051513671875
87.14	193.97735595703125
87.16	192.83294677734375
87.18	192.2607421875
87.2	192.83294677734375
87.22	192.2607421875
87.24	193.97735595703125
87.26	192.2607421875
87.28	192.83294677734375
87.3	193.4051513671875
87.32000000000001	192.83294677734375
87.34	193.97735595703125
87.36	193.97735595703125
87.38	193.4051513671875
87.4	192.83294677734375
87.42	192.83294677734375
87.44	193.4051513671875
87.46000000000001	191.68853759765625
87.48	192.2607421875
87.5	192.2607421875
87.52	192.2607421875
87.54	191.68853759765625
87.56	191.1163330078125
87.58	191.68853759765625
87.60000000000001	192.2607421875
87.62	193.4051513671875
87.64	192.2607421875
87.66	192.83294677734375
87.68	192.83294677734375
87.7	192.83294677734375
87.72	193.4051513671875
87.74	193.4051513671875
87.76	191.1163330078125
87.78	192.2607421875
87.8	192.83294677734375
87.82000000000001	192.83294677734375
87.84	193.97735595703125
87.86	194.549560546875
87.88	194.549560546875
87.9	193.97735595703125
87.92	193.97735595703125
87.94	193.97735595703125
87.96000000000001	193.97735595703125
87.98	192.83294677734375
88.0	192.2607421875
88.02	192.2607421875
88.04	192.83294677734375
88.06	193.4051513671875
88.08	192.83294677734375
88.10000000000001	192.83294677734375
88.12	193.97735595703125
88.14	193.4051513671875
88.16	193.4051513671875
88.18	193.97735595703125
88.2	192.83294677734375
88.22	192.83294677734375
88.24	193.97735595703125
88.26	192.83294677734375
88.28	192.2607421875
88.3	193.4051513671875
88.32000000000001	192.2607421875
88.34	193.97735595703125
88.36	194.549560546875
88.38	193.97735595703125
88.4	193.97735595703125
88.42	193.97735595703125
88.44	194.549560546875
88.46000000000001	195.12176513671875
88.48	193.97735595703125
88.5	193.97735595703125
88.52	193.4051513671875
88.54	193.4051513671875
88.56	192.83294677734375
88.58	193.4051513671875
88.60000000000001	193.97735595703125
88.62	195.12176513671875
88.64	194.549560546875
88.66	194.549560546875
88.68	194.549560546875
88.7	195.12176513671875
88.72	193.4051513671875
88.74	193.4051513671875
88.76	193.4051513671875
88.78	194.549560546875
88.8	193.4051513671875
88.82000000000001	193.97735595703125
88.84	193.97735595703125
88.86	194.549560546875
88.88	194.549560546875
88.9	193.97735595703125
88.92	193.97735595703125
88.94	195.12176513671875
88.96000000000001	194.549560546875
88.98	195.12176513671875
89.0	195.12176513671875
89.02	194.549560546875
89.04	192.83294677734375
89.06	193.97735595703125
89.08	194.549560546875
89.10000000000001	193.97735595703125
89.12	193.4051513671875
89.14	195.12176513671875
89.16	195.12176513671875
89.18	195.12176513671875
89.2	194.549560546875
89.22	193.4051513671875
89.24	193.97735595703125
89.26	194.549560546875
89.28	194.549560546875
89.3	194.549560546875
89.32000000000001	193.97735595703125
89.34	194.549560546875
89.36	194.549560546875
89.38	195.12176513671875
89.4	194.549560546875
89.42	195.12176513671875
89.44	194.549560546875
89.46000000000001	195.6939697265625
89.48	194.549560546875
89.5	194.549560546875
89.52	195.12176513671875
89.54	195.12176513671875
89.56	194.549560546875
89.58	195.6939697265625
89.60000000000001	195.12176513671875
89.62	195.6939697265625
89.64	196.26617431640625
89.66	196.26617431640625
89.68	196.26617431640625
89.7	195.12176513671875
89.72	196.26617431640625
89.74	194.549560546875
89.76	193.97735595703125
89.78	195.12176513671875
89.8	193.97735595703125
89.82000000000001	193.97735595703125
89.84	195.6939697265625
89.86	195.12176513671875
89.88	194.549560546875
89.9	196.26617431640625
89.92	196.26617431640625
89.94	194.549560546875
89.96000000000001	196.26617431640625
89.98	196.26617431640625
90.0	196.26617431640625
90.02	196.83837890625
90.04	196.83837890625
90.06	194.549560546875
90.08	195.12176513671875
90.10000000000001	195.12176513671875
90.12	195.6939697265625
90.14	195.6939697265625
90.16	196.83837890625
90.18	196.83837890625
90.2	196.83837890625
90.22	196.26617431640625
90.24	195.6939697265625
90.26	195.12176513671875
90.28	194.549560546875
90.3	195.6939697265625
90.32000000000001	195.12176513671875
90.34	195.6939697265625
90.36	195.12176513671875
90.38	195.12176513671875
90.4	197.41058349609375
90.42	196.83837890625
90.44	196.83837890625
90.46000000000001	196.83837890625
90.48	195.12176513671875
90.5	197.41058349609375
90.52	196.83837890625
90.54	197.41058349609375
90.56	197.9827880859375
90.58	196.26617431640625
90.60000000000001	196.26617431640625
90.62	196.26617431640625
90.64	197.41058349609375
90.66	197.41058349609375
90.68	197.9827880859375
90.7	196.83837890625
90.72	195.6939697265625
90.74	196.26617431640625
90.76	196.83837890625
90.78	197.41058349609375
90.8	196.26617431640625
90.82000000000001	197.41058349609375
90.84	197.9827880859375
90.86	197.41058349609375
90.88	198.55499267578125
90.9	196.26617431640625
90.92	196.83837890625
90.94	197.41058349609375
90.96000000000001	197.9827880859375
90.98	197.41058349609375
91.0	196.83837890625
91.02	197.9827880859375
91.04	197.9827880859375
91.06	198.55499267578125
91.08	197.41058349609375
91.10000000000001	196.83837890625
91.12	196.83837890625
91.14	195.6939697265625
91.16	197.41058349609375
91.18	197.9827880859375
91.2	197.9827880859375
91.22	197.9827880859375
91.24	196.26617431640625
91.26	196.83837890625
91.28	196.83837890625
91.3	196.26617431640625
91.32000000000001	195.6939697265625
91.34	196.83837890625
91.36	196.83837890625
91.38	196.83837890625
91.4	197.9827880859375
91.42	195.6939697265625
91.44	196.83837890625
91.46000000000001	197.41058349609375
91.48	197.41058349609375
91.5	196.26617431640625
91.52	196.26617431640625
91.54	197.41058349609375
91.56	195.6939697265625
91.58	196.26617431640625
91.60000000000001	196.26617431640625
91.62	195.12176513671875
91.64	195.12176513671875
91.66	196.83837890625
91.68	196.26617431640625
91.7	196.26617431640625
91.72	197.41058349609375
91.74	195.12176513671875
91.76	196.26617431640625
91.78	195.6939697265625
91.8	196.26617431640625
91.82000000000001	196.83837890625
91.84	197.41058349609375
91.86	197.9827880859375
91.88	198.55499267578125
91.9	198.55499267578125
91.92	197.9827880859375
91.94	197.41058349609375
91.96000000000001	198.55499267578125
91.98	197.41058349609375
92.0	198.55499267578125
92.02	197.9827880859375
92.04	199.127197265625
92.06	198.55499267578125
92.08	197.9827880859375
92.10000000000001	197.9827880859375
92.12	197.9827880859375
92.14	197.41058349609375
92.16	197.9827880859375
92.18	199.127197265625
92.2	199.127197265625
92.22	197.9827880859375
92.24	197.9827880859375
92.26	197.41058349609375
92.28	197.9827880859375
92.3	197.41058349609375
92.32000000000001	197.9827880859375
92.34	198.55499267578125
92.36	197.9827880859375
92.38	197.9827880859375
92.4	198.55499267578125
92.42	197.9827880859375
92.44	197.41058349609375
92.46000000000001	196.26617431640625
92.48	197.41058349609375
92.5	198.55499267578125
92.52	197.9827880859375
92.54	198.55499267578125
92.56	198.55499267578125
92.58	198.55499267578125
92.60000000000001	197.9827880859375
92.62	197.9827880859375
92.64	196.83837890625
92.66	197.41058349609375
92.68	197.41058349609375
92.7	198.55499267578125
92.72	197.9827880859375
92.74	197.41058349609375
92.76	196.26617431640625
92.78	196.26617431640625
92.8	196.83837890625
92.82000000000001	197.41058349609375
92.84	197.41058349609375
92.86	197.9827880859375
92.88	197.41058349609375
92.9	197.41058349609375
92.92	196.83837890625
92.94	196.26617431640625
92.96000000000001	195.12176513671875
92.98	195.12176513671875
93.0	195.6939697265625
93.02	196.26617431640625
93.04	196.83837890625
93.06	196.83837890625
93.08	195.12176513671875
93.10000000000001	195.12176513671875
93.12	195.12176513671875
93.14	194.549560546875
93.16	195.12176513671875
93.18	195.6939697265625
93.2	195.6939697265625
93.22	196.26617431640625
93.24	194.549560546875
93.26	195.12176513671875
93.28	195.6939697265625
93.3	193.97735595703125
93.32000000000001	195.12176513671875
93.34	194.549560546875
93.36	195.12176513671875
93.38	195.12176513671875
93.4	194.549560546875
93.42	194.549560546875
93.44	195.12176513671875
93.46000000000001	194.549560546875
93.48	194.549560546875
93.5	195.6939697265625
93.52	195.6939697265625
93.54	196.26617431640625
93.56	196.83837890625
93.58	196.83837890625
93.60000000000001	195.6939697265625
93.62	195.6939697265625
93.64	196.83837890625
93.66	195.6939697265625
93.68	195.6939697265625
93.7	196.26617431640625
93.72	196.83837890625
93.74	197.41058349609375
93.76	196.83837890625
93.78	196.26617431640625
93.8	195.12176513671875
93.82000000000001	195.6939697265625
93.84	195.12176513671875
93.86	195.12176513671875
93.88	195.6939697265625
93.9	195.12176513671875
93.92	194.549560546875
93.94	195.12176513671875
93.96000000000001	194.549560546875
93.98	194.549560546875
94.0	195.12176513671875
94.02	195.12176513671875
94.04	195.6939697265625
94.06	194.549560546875
94.08	194.549560546875
94.10000000000001	195.12176513671875
94.12	193.97735595703125
94.14	193.97735595703125
94.16	193.4051513671875
94.18	193.97735595703125
94.2	194.549560546875
94.22	194.549560546875
94.24	195.12176513671875
94.26	193.4051513671875
94.28	195.12176513671875
94.3	193.97735595703125
94.32000000000001	193.4051513671875
94.34	193.4051513671875
94.36	195.12176513671875
94.38	193.4051513671875
94.4	192.83294677734375
94.42	193.97735595703125
94.44	193.97735595703125
94.46000000000001	192.83294677734375
94.48	193.97735595703125
94.5	192.83294677734375
94.52	193.97735595703125
94.54	193.97735595703125
94.56	194.549560546875
94.58	194.549560546875
94.60000000000001	194.549560546875
94.62	195.6939697265625
94.64	195.12176513671875
94.66	194.549560546875
94.68	193.97735595703125
94.7	193.4051513671875
94.72	194.549560546875
94.74	195.12176513671875
94.76	195.12176513671875
94.78	195.12176513671875
94.8	195.12176513671875
94.82000000000001	194.549560546875
94.84	193.4051513671875
94.86	193.97735595703125
94.88	192.83294677734375
94.9	192.83294677734375
94.92	192.83294677734375
94.94	193.97735595703125
94.96000000000001	193.97735595703125
94.98	193.97735595703125
95.0	192.83294677734375
95.02	194.549560546875
95.04	194.549560546875
95.06	193.97735595703125
95.08	195.12176513671875
95.10000000000001	195.12176513671875
95.12	193.4051513671875
95.14	193.97735595703125
95.16	193.97735595703125
95.18	193.4051513671875
95.2	194.549560546875
95.22	194.549560546875
95.24	195.12176513671875
95.26	193.97735595703125
95.28	193.97735595703125
95.3	192.83294677734375
95.32000000000001	194.549560546875
95.34	193.4051513671875
95.36	193.97735595703125
95.38	193.97735595703125
95.4	193.4051513671875
95.42	193.97735595703125
95.44	192.83294677734375
95.46000000000001	193.97735595703125
95.48	193.97735595703125
95.5	193.4051513671875
95.52	193.4051513671875
95.54	192.2607421875
95.56	193.97735595703125
95.58	194.549560546875
95.60000000000001	193.4051513671875
95.62	191.68853759765625
95.64	192.83294677734375
95.66	192.2607421875
95.68	193.97735595703125
95.7	193.4051513671875
95.72	194.549560546875
95.74000000000001	193.97735595703125
95.76	193.97735595703125
95.78	193.97735595703125
95.8	194.549560546875
95.82000000000001	193.97735595703125
95.84	193.97735595703125
95.86	192.83294677734375
95.88	192.83294677734375
95.9	193.97735595703125
95.92	193.4051513671875
95.94	192.2607421875
95.96000000000001	193.4051513671875
95.98	193.4051513671875
96.0	193.4051513671875
96.02	192.83294677734375
96.04	192.2607421875
96.06	193.4051513671875
96.08	193.97735595703125
96.10000000000001	193.97735595703125
96.12	194.549560546875
96.14	193.4051513671875
96.16	195.12176513671875
96.18	194.549560546875
96.2	193.97735595703125
96.22	195.12176513671875
96.24000000000001	195.12176513671875
96.26	195.6939697265625
96.28	195.12176513671875
96.3	194.549560546875
96.32000000000001	195.6939697265625
96.34	194.549560546875
96.36	193.97735595703125
96.38	193.4051513671875
96.4	194.549560546875
96.42	193.97735595703125
96.44	192.83294677734375
96.46000000000001	193.97735595703125
96.48	195.12176513671875
96.5	194.549560546875
96.52	192.83294677734375
96.54	192.83294677734375
96.56	192.2607421875
96.58	192.83294677734375
96.60000000000001	194.549560546875
96.62	193.97735595703125
96.64	195.12176513671875
96.66	193.4051513671875
96.68	193.4051513671875
96.7	193.97735595703125
96.72	195.12176513671875
96.74000000000001	195.12176513671875
96.76	195.6939697265625
96.78	196.26617431640625
96.8	195.6939697265625
96.82000000000001	195.6939697265625
96.84	195.6939697265625
96.86	195.12176513671875
96.88	194.549560546875
96.9	194.549560546875
96.92	194.549560546875
96.94	193.97735595703125
