0.02	0.286102294921875
0.04	0.286102294921875
0.06	5.7220458984375
0.08	5.7220458984375
0.09999999999999999	11.444091796875
0.12	22.88818359375
0.13999999999999999	45.7763671875
0.16	91.552734375
0.18	183.10546875
0.19999999999999998	366.2109375
0.22	436.0198974609375
0.24	496.673583984375
0.26	496.673583984375
0.27999999999999997	496.673583984375
0.3	496.673583984375
0.32	51.816304524739586
0.33999999999999997	51.816304524739586
0.36	51.816304524739586
0.38	51.816304524739586
0.39999999999999997	51.816304524739586
0.42	51.816304524739586
0.44	51.816304524739586
0.45999999999999996	51.816304524739586
0.48	51.816304524739586
0.5	0.57220458984375
0.52	125.31280517578125
0.5399999999999999	496.673583984375
0.5599999999999999	496.673583984375
0.58	496.673583984375
0.6	496.673583984375
0.62	496.673583984375
0.64	5.950927734375
0.6599999999999999	5.950927734375
0.6799999999999999	5.950927734375
0.7	5.950927734375
0.72	5.950927734375
0.74	5.950927734375
0.76	5.950927734375
0.7799999999999999	5.950927734375
0.7999999999999999	5.950927734375
0.82	5.950927734375
0.84	5.950927734375
0.86	5.950927734375
0.88	5.950927734375
0.8999999999999999	5.950927734375
0.9199999999999999	5.950927734375
0.94	0.57220458984375
0.96	0.286102294921875
0.98	0.286102294921875
1.0	258.06427001953125
1.02	496.673583984375
1.04	496.673583984375
1.06	496.673583984375
1.0799999999999998	496.673583984375
1.0999999999999999	495.5291748046875
1.1199999999999999	0.05722045898437501
1.14	0.05722045898437501
1.16	0.05722045898437501
1.18	0.05722045898437501
1.2	0.05722045898437501
1.22	0.05722045898437501
1.24	0.05722045898437501
1.26	0.05722045898437501
1.28	0.05722045898437501
1.3	0.05722045898437501
1.3199999999999998	0.57220458984375
1.3399999999999999	0.286102294921875
1.3599999999999999	0.286102294921875
1.38	72.66998291015625
1.4	378.7994384765625
1.42	496.673583984375
1.44	496.673583984375
1.46	496.673583984375
1.48	496.673583984375
1.5	496.673583984375
1.52	496.673583984375
1.54	496.673583984375
1.5599999999999998	496.673583984375
1.5799999999999998	126.45721435546875
1.5999999999999999	0.57220458984375
1.6199999999999999	0.57220458984375
1.64	251.77001953125
1.66	496.673583984375
1.68	307.8460693359375
1.7	496.10137939453125
1.72	496.673583984375
1.74	496.673583984375
1.76	496.673583984375
1.78	496.673583984375
1.7999999999999998	123.31008911132812
1.8199999999999998	123.31008911132812
1.8399999999999999	123.31008911132812
1.8599999999999999	123.31008911132812
1.88	0.57220458984375
1.9	0.286102294921875
1.92	0.286102294921875
1.94	29.754638671875
1.96	120.73516845703125
1.98	160.78948974609375
2.0	161.3616943359375
2.02	494.95697021484375
2.04	497.24578857421875
2.06	496.673583984375
2.08	496.673583984375
2.1	496.673583984375
2.12	109.57717895507812
2.14	109.57717895507812
2.1599999999999997	0.57220458984375
2.1799999999999997	0.286102294921875
2.1999999999999997	0.286102294921875
2.2199999999999998	20.599365234375
2.2399999999999998	76.10321044921875
2.26	116.15753173828125
2.28	134.46807861328125
2.3	494.95697021484375
2.32	496.673583984375
2.34	496.673583984375
2.36	496.673583984375
2.38	476.64642333984375
2.4	495.5291748046875
2.42	484.0850830078125
2.44	496.10137939453125
2.46	300.9796142578125
2.48	496.10137939453125
2.5	484.65728759765625
2.52	496.10137939453125
2.54	469.207763671875
2.56	496.673583984375
2.58	481.7962646484375
2.6	496.673583984375
2.6199999999999997	491.52374267578125
2.6399999999999997	496.673583984375
2.6599999999999997	496.673583984375
2.6799999999999997	496.673583984375
2.6999999999999997	496.673583984375
2.7199999999999998	496.673583984375
2.7399999999999998	496.673583984375
2.76	497.24578857421875
2.78	496.673583984375
2.8	496.673583984375
2.82	496.673583984375
2.84	496.673583984375
2.86	496.673583984375
2.88	496.673583984375
2.9	496.673583984375
2.92	496.673583984375
2.94	496.673583984375
2.96	496.673583984375
2.98	496.673583984375
3.0	496.673583984375
3.02	496.673583984375
3.04	496.673583984375
3.06	496.673583984375
3.08	496.673583984375
3.0999999999999996	496.673583984375
3.1199999999999997	497.24578857421875
3.1399999999999997	496.673583984375
3.1599999999999997	496.673583984375
3.1799999999999997	496.673583984375
3.1999999999999997	496.673583984375
3.2199999999999998	496.673583984375
3.2399999999999998	496.673583984375
3.26	496.673583984375
3.28	496.673583984375
3.3	496.673583984375
3.32	496.673583984375
3.34	496.673583984375
3.36	496.673583984375
3.38	496.673583984375
3.4	496.673583984375
3.42	496.673583984375
3.44	496.673583984375
3.46	496.673583984375
3.48	497.24578857421875
3.5	496.673583984375
3.52	496.673583984375
3.54	496.673583984375
3.56	496.673583984375
3.5799999999999996	496.673583984375
3.5999999999999996	496.673583984375
3.6199999999999997	496.673583984375
3.6399999999999997	496.673583984375
3.6599999999999997	496.673583984375
3.6799999999999997	496.673583984375
3.6999999999999997	496.673583984375
3.7199999999999998	496.673583984375
3.7399999999999998	496.673583984375
3.76	496.673583984375
3.78	496.673583984375
3.8	496.673583984375
3.82	496.673583984375
3.84	497.24578857421875
3.86	496.673583984375
3.88	496.673583984375
3.9	496.673583984375
3.92	496.673583984375
3.94	496.673583984375
3.96	496.673583984375
3.98	496.673583984375
4.0	496.673583984375
4.02	496.673583984375
4.04	496.673583984375
4.06	496.673583984375
4.08	496.673583984375
4.1	496.673583984375
4.12	496.673583984375
4.14	496.673583984375
4.16	496.673583984375
4.18	496.673583984375
4.2	497.24578857421875
4.22	496.673583984375
4.24	496.673583984375
4.26	496.673583984375
4.28	496.673583984375
4.3	496.673583984375
4.319999999999999	496.673583984375
4.34	496.673583984375
4.359999999999999	496.673583984375
4.38	496.673583984375
4.3999999999999995	496.673583984375
4.42	496.673583984375
4.4399999999999995	496.673583984375
4.46	496.673583984375
4.4799999999999995	496.673583984375
4.5	496.673583984375
4.52	496.673583984375
4.54	496.673583984375
4.56	497.24578857421875
4.58	496.673583984375
4.6	496.673583984375
4.62	496.673583984375
4.64	496.673583984375
4.66	496.673583984375
4.68	496.673583984375
4.7	496.673583984375
4.72	482.36846923828125
4.74	496.673583984375
4.76	474.35760498046875
4.779999999999999	496.673583984375
4.8	478.93524169921875
4.819999999999999	496.673583984375
4.84	484.0850830078125
4.859999999999999	496.673583984375
4.88	480.65185546875
4.8999999999999995	496.10137939453125
4.92	474.35760498046875
4.9399999999999995	496.673583984375
4.96	472.6409912109375
4.9799999999999995	496.673583984375
5.0	474.9298095703125
5.02	496.10137939453125
5.04	473.21319580078125
5.06	496.673583984375
5.08	470.92437744140625
5.1	496.673583984375
5.12	469.207763671875
5.14	496.673583984375
5.16	468.63555908203125
5.18	496.673583984375
5.2	469.207763671875
5.22	496.673583984375
5.239999999999999	468.0633544921875
5.26	496.10137939453125
5.279999999999999	467.49114990234375
5.3	496.673583984375
5.319999999999999	466.9189453125
5.34	496.673583984375
5.359999999999999	466.9189453125
5.38	496.10137939453125
5.3999999999999995	466.9189453125
5.42	496.673583984375
5.4399999999999995	466.34674072265625
5.46	496.673583984375
5.4799999999999995	466.34674072265625
5.5	496.10137939453125
5.52	466.34674072265625
5.54	496.673583984375
5.56	466.34674072265625
5.58	496.673583984375
5.6	466.34674072265625
5.62	496.673583984375
5.64	466.9189453125
5.66	496.673583984375
5.68	466.9189453125
5.7	496.673583984375
5.72	466.34674072265625
5.739999999999999	496.673583984375
5.76	466.9189453125
5.779999999999999	496.673583984375
5.8	467.49114990234375
5.819999999999999	496.673583984375
5.84	467.49114990234375
5.859999999999999	496.673583984375
5.88	466.9189453125
5.8999999999999995	496.673583984375
5.92	468.63555908203125
5.9399999999999995	496.673583984375
5.96	467.49114990234375
5.9799999999999995	496.673583984375
6.0	469.207763671875
6.02	496.673583984375
6.04	468.0633544921875
6.06	496.673583984375
6.08	469.207763671875
6.1	496.673583984375
6.12	469.207763671875
6.14	496.673583984375
6.16	469.207763671875
6.18	496.10137939453125
6.199999999999999	469.77996826171875
6.22	496.10137939453125
6.239999999999999	470.3521728515625
6.26	496.673583984375
6.279999999999999	469.207763671875
6.3	496.673583984375
6.319999999999999	471.49658203125
6.34	496.10137939453125
6.359999999999999	470.92437744140625
6.38	496.673583984375
6.3999999999999995	471.49658203125
6.42	496.673583984375
6.4399999999999995	471.49658203125
6.46	496.673583984375
6.4799999999999995	472.06878662109375
6.5	496.673583984375
6.52	472.6409912109375
6.54	496.673583984375
6.56	473.785400390625
6.58	496.673583984375
6.6	472.6409912109375
6.62	496.673583984375
6.64	474.35760498046875
6.66	496.10137939453125
6.68	475.50201416015625
6.699999999999999	496.10137939453125
6.72	475.50201416015625
6.739999999999999	496.10137939453125
6.76	474.9298095703125
6.779999999999999	496.673583984375
6.8	476.64642333984375
6.819999999999999	496.673583984375
6.84	476.07421875
6.859999999999999	496.673583984375
6.88	477.2186279296875
6.8999999999999995	496.673583984375
6.92	477.79083251953125
6.9399999999999995	496.673583984375
6.96	478.363037109375
6.9799999999999995	496.673583984375
7.0	478.363037109375
7.02	496.673583984375
7.04	478.93524169921875
7.06	496.673583984375
7.08	479.5074462890625
7.1	496.673583984375
7.12	480.65185546875
7.14	496.673583984375
7.159999999999999	480.07965087890625
7.18	496.673583984375
7.199999999999999	481.7962646484375
7.22	496.673583984375
7.239999999999999	481.7962646484375
7.26	496.673583984375
7.279999999999999	482.36846923828125
7.3	496.673583984375
7.319999999999999	483.51287841796875
7.34	496.10137939453125
7.359999999999999	483.51287841796875
7.38	496.673583984375
7.3999999999999995	482.940673828125
7.42	496.673583984375
7.4399999999999995	484.65728759765625
7.46	496.673583984375
7.4799999999999995	484.0850830078125
7.5	496.673583984375
7.52	485.2294921875
7.54	496.673583984375
7.56	485.2294921875
7.58	496.673583984375
7.6	486.3739013671875
7.619999999999999	496.673583984375
7.64	486.3739013671875
7.659999999999999	496.673583984375
7.68	486.3739013671875
7.699999999999999	496.673583984375
7.72	487.518310546875
7.739999999999999	496.673583984375
7.76	487.518310546875
7.779999999999999	496.673583984375
7.8	488.6627197265625
7.819999999999999	496.673583984375
7.84	488.09051513671875
7.859999999999999	496.673583984375
7.88	488.6627197265625
7.8999999999999995	496.10137939453125
7.92	490.37933349609375
7.9399999999999995	496.673583984375
7.96	489.23492431640625
7.9799999999999995	496.10137939453125
8.0	490.37933349609375
8.02	496.673583984375
8.04	489.80712890625
8.06	496.673583984375
8.08	490.9515380859375
8.1	496.673583984375
8.12	490.9515380859375
8.139999999999999	496.673583984375
8.16	492.095947265625
8.18	496.673583984375
8.2	490.9515380859375
8.219999999999999	496.673583984375
8.24	492.66815185546875
8.26	496.673583984375
8.28	492.66815185546875
8.299999999999999	496.673583984375
8.32	493.2403564453125
8.34	496.673583984375
8.36	493.2403564453125
8.379999999999999	496.673583984375
8.4	493.81256103515625
8.42	496.673583984375
8.44	493.81256103515625
8.459999999999999	496.673583984375
8.48	493.81256103515625
8.5	496.673583984375
8.52	494.384765625
8.54	496.673583984375
8.56	494.95697021484375
8.58	496.10137939453125
8.6	494.384765625
8.62	496.673583984375
8.639999999999999	494.95697021484375
8.66	496.673583984375
8.68	495.5291748046875
8.7	496.673583984375
8.719999999999999	494.95697021484375
8.74	496.673583984375
8.76	495.5291748046875
8.78	496.673583984375
8.799999999999999	494.95697021484375
8.82	496.673583984375
8.84	496.10137939453125
8.86	496.673583984375
8.879999999999999	494.95697021484375
8.9	496.673583984375
8.92	496.10137939453125
8.94	496.673583984375
8.959999999999999	495.5291748046875
8.98	496.10137939453125
9.0	496.673583984375
9.02	496.673583984375
9.04	496.10137939453125
9.059999999999999	496.673583984375
9.08	496.673583984375
9.1	496.673583984375
9.12	496.673583984375
9.139999999999999	496.673583984375
9.16	496.673583984375
9.18	496.673583984375
9.2	496.673583984375
9.219999999999999	496.673583984375
9.24	496.673583984375
9.26	496.673583984375
9.28	496.673583984375
9.299999999999999	496.673583984375
9.32	496.673583984375
9.34	496.673583984375
9.36	496.673583984375
9.379999999999999	496.673583984375
9.4	496.673583984375
9.42	496.673583984375
9.44	496.673583984375
9.459999999999999	497.24578857421875
9.48	496.673583984375
9.5	496.673583984375
9.52	496.673583984375
9.54	496.673583984375
9.559999999999999	496.673583984375
9.58	496.673583984375
9.6	496.673583984375
9.62	496.673583984375
9.639999999999999	496.673583984375
9.66	496.673583984375
9.68	496.673583984375
9.7	496.673583984375
9.719999999999999	496.673583984375
9.74	496.673583984375
9.76	496.673583984375
9.78	496.673583984375
9.799999999999999	496.673583984375
9.82	497.24578857421875
9.84	496.673583984375
9.86	496.673583984375
9.879999999999999	496.673583984375
9.9	496.673583984375
9.92	496.673583984375
9.94	496.673583984375
9.959999999999999	496.673583984375
9.98	496.673583984375
10.0	496.673583984375
10.02	496.673583984375
10.04	496.673583984375
10.059999999999999	496.673583984375
10.08	496.673583984375
10.1	496.673583984375
10.12	496.673583984375
10.139999999999999	496.673583984375
10.16	496.673583984375
10.18	497.24578857421875
10.2	496.673583984375
10.219999999999999	496.673583984375
10.24	496.673583984375
10.26	496.673583984375
10.28	496.673583984375
10.299999999999999	496.673583984375
10.32	496.673583984375
10.34	496.673583984375
10.36	496.673583984375
10.379999999999999	496.673583984375
10.4	496.673583984375
10.42	496.673583984375
10.44	496.673583984375
10.459999999999999	496.673583984375
10.479999999999999	496.673583984375
10.5	496.673583984375
10.52	496.673583984375
10.54	497.24578857421875
10.559999999999999	496.673583984375
10.58	496.673583984375
10.6	496.673583984375
10.62	496.673583984375
10.639999999999999	496.673583984375
10.66	496.673583984375
10.68	496.673583984375
10.7	496.673583984375
10.719999999999999	496.673583984375
10.74	496.673583984375
10.76	496.673583984375
10.78	496.673583984375
10.799999999999999	496.673583984375
10.82	496.673583984375
10.84	496.673583984375
10.86	496.673583984375
10.879999999999999	496.673583984375
10.9	497.24578857421875
10.92	496.673583984375
10.94	496.673583984375
10.959999999999999	496.673583984375
10.979999999999999	496.673583984375
11.0	496.673583984375
11.02	496.673583984375
11.04	496.673583984375
11.059999999999999	496.673583984375
11.08	496.673583984375
11.1	496.673583984375
11.12	496.673583984375
11.139999999999999	496.673583984375
11.16	496.673583984375
11.18	496.673583984375
11.2	496.673583984375
11.219999999999999	496.673583984375
11.24	496.673583984375
11.26	497.24578857421875
11.28	496.673583984375
11.299999999999999	496.673583984375
11.32	496.673583984375
11.34	496.673583984375
11.36	496.673583984375
11.379999999999999	496.673583984375
11.4	496.673583984375
11.42	496.673583984375
11.44	496.673583984375
11.459999999999999	496.673583984375
11.479999999999999	496.673583984375
11.5	496.673583984375
11.52	496.673583984375
11.54	496.673583984375
11.559999999999999	496.673583984375
11.58	496.673583984375
11.6	496.673583984375
11.62	497.24578857421875
11.639999999999999	496.673583984375
11.66	496.673583984375
11.68	496.673583984375
11.7	496.673583984375
11.719999999999999	496.673583984375
11.74	496.673583984375
11.76	496.673583984375
11.78	496.673583984375
11.799999999999999	496.673583984375
11.82	496.673583984375
11.84	496.673583984375
11.86	496.673583984375
11.879999999999999	496.673583984375
11.899999999999999	496.673583984375
11.92	496.673583984375
11.94	496.673583984375
11.959999999999999	496.673583984375
11.979999999999999	497.24578857421875
12.0	496.673583984375
12.02	496.673583984375
12.04	496.673583984375
12.059999999999999	496.673583984375
12.08	496.673583984375
12.1	496.673583984375
12.12	496.673583984375
12.139999999999999	496.673583984375
12.16	496.673583984375
12.18	496.673583984375
12.2	496.673583984375
12.219999999999999	496.673583984375
12.24	496.673583984375
12.26	496.673583984375
12.28	496.673583984375
12.299999999999999	496.673583984375
12.32	496.673583984375
12.34	497.24578857421875
12.36	496.673583984375
12.379999999999999	496.673583984375
12.399999999999999	496.673583984375
12.42	496.673583984375
12.44	496.673583984375
12.459999999999999	496.673583984375
12.479999999999999	496.673583984375
12.5	496.673583984375
12.52	496.673583984375
12.54	496.673583984375
12.559999999999999	496.673583984375
12.58	496.673583984375
12.6	496.673583984375
12.62	496.673583984375
12.639999999999999	496.673583984375
12.66	496.673583984375
12.68	496.673583984375
12.7	497.24578857421875
12.719999999999999	496.673583984375
12.74	496.673583984375
12.76	496.673583984375
12.78	496.673583984375
12.799999999999999	496.673583984375
12.82	496.673583984375
12.84	496.673583984375
12.86	496.673583984375
12.879999999999999	496.673583984375
12.899999999999999	496.673583984375
12.92	496.673583984375
12.94	496.673583984375
12.959999999999999	496.673583984375
12.979999999999999	496.673583984375
13.0	496.673583984375
13.02	496.673583984375
13.04	496.673583984375
13.059999999999999	497.24578857421875
13.08	496.673583984375
13.1	496.673583984375
13.12	496.673583984375
13.139999999999999	496.673583984375
13.16	496.673583984375
13.18	496.673583984375
13.2	496.673583984375
13.219999999999999	496.673583984375
13.24	496.673583984375
13.26	496.673583984375
13.28	496.673583984375
13.299999999999999	496.673583984375
13.32	496.673583984375
13.34	496.673583984375
13.36	496.673583984375
13.379999999999999	496.673583984375
13.399999999999999	496.673583984375
13.42	497.24578857421875
13.44	496.673583984375
13.459999999999999	496.673583984375
13.479999999999999	496.673583984375
13.5	496.673583984375
13.52	496.673583984375
13.54	496.673583984375
13.559999999999999	496.673583984375
13.58	496.673583984375
13.6	496.673583984375
13.62	496.673583984375
13.639999999999999	496.673583984375
13.66	496.673583984375
13.68	496.673583984375
13.7	496.673583984375
13.719999999999999	496.673583984375
13.74	496.673583984375
13.76	496.673583984375
13.78	497.24578857421875
13.799999999999999	496.673583984375
13.819999999999999	496.673583984375
13.84	496.673583984375
13.86	496.673583984375
13.879999999999999	496.673583984375
13.899999999999999	496.673583984375
13.92	496.673583984375
13.94	496.673583984375
13.959999999999999	496.673583984375
13.979999999999999	496.673583984375
14.0	496.673583984375
14.02	496.673583984375
14.04	496.673583984375
14.059999999999999	496.673583984375
14.08	496.673583984375
14.1	496.673583984375
14.12	496.673583984375
14.139999999999999	497.24578857421875
14.16	496.673583984375
14.18	496.673583984375
14.2	496.673583984375
14.219999999999999	496.673583984375
14.24	496.673583984375
14.26	496.673583984375
14.28	496.673583984375
14.299999999999999	496.673583984375
14.319999999999999	496.673583984375
14.34	496.673583984375
14.36	496.673583984375
14.379999999999999	496.673583984375
14.399999999999999	496.673583984375
14.42	496.673583984375
14.44	496.673583984375
14.459999999999999	496.673583984375
14.479999999999999	496.673583984375
14.5	497.24578857421875
14.52	496.673583984375
14.54	496.673583984375
14.559999999999999	496.673583984375
14.58	496.673583984375
14.6	496.673583984375
14.62	496.673583984375
14.639999999999999	496.673583984375
14.66	496.673583984375
14.68	496.673583984375
14.7	496.673583984375
14.719999999999999	496.673583984375
14.74	496.673583984375
14.76	496.673583984375
14.78	496.673583984375
14.799999999999999	496.673583984375
14.819999999999999	496.673583984375
14.84	496.673583984375
14.86	497.24578857421875
14.879999999999999	496.673583984375
14.899999999999999	496.673583984375
14.92	496.673583984375
14.94	496.673583984375
14.959999999999999	496.673583984375
14.979999999999999	496.673583984375
15.0	496.673583984375
15.02	496.673583984375
15.04	496.673583984375
15.059999999999999	496.673583984375
15.08	496.673583984375
15.1	496.673583984375
15.12	496.673583984375
15.139999999999999	496.673583984375
15.16	496.673583984375
15.18	496.673583984375
15.2	496.673583984375
15.219999999999999	497.24578857421875
15.239999999999998	496.673583984375
15.26	496.673583984375
15.28	496.673583984375
15.299999999999999	496.673583984375
15.319999999999999	496.673583984375
15.34	496.673583984375
15.36	496.673583984375
15.379999999999999	496.673583984375
15.399999999999999	496.673583984375
15.42	496.673583984375
15.44	496.673583984375
15.459999999999999	496.673583984375
15.479999999999999	496.673583984375
15.5	496.673583984375
15.52	496.673583984375
15.54	496.673583984375
15.559999999999999	496.673583984375
15.58	497.24578857421875
15.6	496.673583984375
15.62	496.673583984375
15.639999999999999	496.673583984375
15.66	496.673583984375
15.68	496.673583984375
15.7	496.673583984375
15.719999999999999	496.673583984375
15.739999999999998	496.673583984375
15.76	496.673583984375
15.78	496.673583984375
15.799999999999999	496.673583984375
15.819999999999999	496.673583984375
15.84	496.673583984375
15.86	496.673583984375
15.879999999999999	496.673583984375
15.899999999999999	496.673583984375
15.92	496.673583984375
15.94	497.24578857421875
15.959999999999999	496.673583984375
15.979999999999999	496.673583984375
16.0	496.673583984375
16.02	496.673583984375
16.04	496.673583984375
16.06	496.673583984375
16.08	496.673583984375
16.099999999999998	496.673583984375
16.12	496.673583984375
16.14	496.673583984375
16.16	496.673583984375
16.18	496.673583984375
16.2	496.673583984375
16.22	496.673583984375
16.24	496.673583984375
16.259999999999998	496.673583984375
16.279999999999998	496.673583984375
16.3	497.24578857421875
16.32	496.673583984375
16.34	496.673583984375
16.36	496.673583984375
16.38	496.673583984375
16.4	496.673583984375
16.419999999999998	496.673583984375
16.439999999999998	496.673583984375
16.46	496.673583984375
16.48	496.673583984375
16.5	496.673583984375
16.52	496.673583984375
16.54	496.673583984375
16.56	496.673583984375
16.58	496.673583984375
16.599999999999998	496.673583984375
16.62	496.673583984375
16.64	496.673583984375
16.66	497.24578857421875
16.68	496.673583984375
16.7	496.673583984375
16.72	496.673583984375
16.74	496.673583984375
16.759999999999998	496.673583984375
16.779999999999998	496.673583984375
16.8	496.673583984375
16.82	496.673583984375
16.84	496.673583984375
16.86	496.673583984375
16.88	496.673583984375
16.9	496.673583984375
16.919999999999998	496.673583984375
16.939999999999998	496.673583984375
16.96	496.673583984375
16.98	496.673583984375
17.0	496.673583984375
17.02	497.24578857421875
17.04	496.673583984375
17.06	496.673583984375
17.08	496.673583984375
17.099999999999998	496.673583984375
17.12	496.673583984375
17.14	496.673583984375
17.16	496.673583984375
17.18	496.673583984375
17.2	496.673583984375
17.22	496.673583984375
17.24	496.673583984375
17.259999999999998	496.673583984375
17.279999999999998	496.673583984375
17.3	496.673583984375
17.32	496.673583984375
17.34	496.673583984375
17.36	496.673583984375
17.38	497.24578857421875
17.4	496.673583984375
17.419999999999998	496.673583984375
17.439999999999998	496.673583984375
17.46	496.673583984375
17.48	496.673583984375
17.5	496.673583984375
17.52	496.673583984375
17.54	496.673583984375
17.56	496.673583984375
17.58	496.673583984375
17.599999999999998	496.673583984375
17.619999999999997	496.673583984375
17.64	496.673583984375
17.66	496.673583984375
17.68	496.673583984375
17.7	496.673583984375
17.72	496.673583984375
17.74	497.24578857421875
17.759999999999998	496.673583984375
17.779999999999998	496.673583984375
17.8	496.673583984375
17.82	496.673583984375
17.84	496.673583984375
17.86	496.673583984375
17.88	496.673583984375
17.9	496.673583984375
17.919999999999998	496.673583984375
17.939999999999998	496.673583984375
17.96	496.673583984375
17.98	496.673583984375
18.0	496.673583984375
18.02	496.673583984375
18.04	496.673583984375
18.06	496.673583984375
18.08	496.673583984375
18.099999999999998	497.24578857421875
18.119999999999997	496.673583984375
18.14	496.673583984375
18.16	496.673583984375
18.18	496.673583984375
18.2	496.673583984375
18.22	496.673583984375
18.24	496.673583984375
18.259999999999998	496.673583984375
18.279999999999998	496.673583984375
18.3	496.673583984375
18.32	496.673583984375
18.34	496.673583984375
18.36	496.673583984375
18.38	496.673583984375
18.4	496.673583984375
18.419999999999998	496.673583984375
18.439999999999998	496.673583984375
18.46	497.24578857421875
18.48	496.673583984375
18.5	496.673583984375
18.52	496.673583984375
18.54	496.673583984375
18.56	496.673583984375
18.58	496.673583984375
18.599999999999998	496.673583984375
18.619999999999997	496.673583984375
18.64	496.673583984375
18.66	496.673583984375
18.68	496.673583984375
18.7	496.673583984375
18.72	496.673583984375
18.74	496.673583984375
18.759999999999998	496.673583984375
18.779999999999998	496.673583984375
18.8	496.673583984375
18.82	497.24578857421875
18.84	496.673583984375
18.86	496.673583984375
18.88	496.673583984375
18.9	496.673583984375
18.919999999999998	496.673583984375
18.939999999999998	496.673583984375
18.96	496.673583984375
18.98	496.673583984375
19.0	496.673583984375
19.02	496.673583984375
19.04	496.673583984375
19.06	496.673583984375
19.08	496.673583984375
19.099999999999998	496.673583984375
19.119999999999997	496.673583984375
19.14	496.673583984375
19.16	496.673583984375
19.18	497.24578857421875
19.2	496.673583984375
19.22	496.673583984375
19.24	496.673583984375
19.259999999999998	496.673583984375
19.279999999999998	496.673583984375
19.3	496.673583984375
19.32	496.673583984375
19.34	496.673583984375
19.36	496.673583984375
19.38	496.673583984375
19.4	496.673583984375
19.419999999999998	496.673583984375
19.439999999999998	496.673583984375
19.46	496.673583984375
19.48	496.673583984375
19.5	496.673583984375
19.52	496.673583984375
19.54	497.24578857421875
19.56	496.673583984375
19.58	496.673583984375
19.599999999999998	496.673583984375
19.619999999999997	496.673583984375
19.64	496.673583984375
19.66	496.673583984375
19.68	496.673583984375
19.7	496.673583984375
19.72	496.673583984375
19.74	496.673583984375
19.759999999999998	496.673583984375
19.779999999999998	496.673583984375
19.8	496.673583984375
19.82	496.673583984375
19.84	496.673583984375
19.86	496.673583984375
19.88	496.673583984375
19.9	497.24578857421875
19.919999999999998	496.673583984375
19.939999999999998	496.673583984375
19.96	496.673583984375
19.98	496.673583984375
20.0	496.673583984375
